6 0.59609375 0.2875 0.1203125 0.1359375
37 0.5625 0.91796875 0.11875 0.1328125
37 0.53125 0.80859375 0.1203125 0.1359375
6 0.628125 0.403125 0.1203125 0.1375
17 0.87109375 0.58984375 0.121875 0.1390625
0 0.06640625 0.55 0.11875 0.1359375
19 0.0984375 0.29375 0.1203125 0.1328125
11 0.284375 0.6203125 0.1203125 0.1359375
0 0.046875 0.43359375 0.09375 0.1359375
32 0.903125 0.3265625 0.115625 0.1390625
19 0.0671875 0.178125 0.11875 0.13125
35 0.28203125 0.9625 0.1234375 0.075
12 0.3765625 0.59453125 0.1203125 0.1328125
20 0.19375 0.26796875 0.1203125 0.1359375
11 0.31484375 0.7375 0.1234375 0.1390625
26 0.74765625 0.11875 0.1203125 0.134375
5 0.53515625 0.428125 0.11875 0.134375
26 0.71796875 0.03515625 0.1171875 0.0703125
32 0.87109375 0.21171875 0.115625 0.1375
24 0.5625 0.16953125 0.11875 0.1328125
33 0.46484375 0.9359375 0.1203125 0.128125
5 0.503125 0.31328125 0.1203125 0.1359375
12 0.40390625 0.71171875 0.1203125 0.1359375
31 0.1890625 0.975 0.121875 0.05
20 0.1625 0.15625 0.11875 0.13125
9 0.0984375 0.66640625 0.11875 0.1328125
31 0.15625 0.90859375 0.121875 0.140625
1 0.13046875 0.409375 0.121875 0.1359375
8 0.8125 0.353125 0.11875 0.1359375
23 0.46953125 0.19296875 0.1203125 0.1328125
18 0.015625 0.20078125 0.03125 0.1296875
24 0.53046875 0.059375 0.1171875 0.11875
36 0.34375 0.8515625 0.1234375 0.1375
7 0.69140625 0.26328125 0.11875 0.1375
1 0.16171875 0.52578125 0.121875 0.1359375
33 0.4359375 0.828125 0.1234375 0.1359375
23 0.43828125 0.08046875 0.11875 0.128125
9 0.12890625 0.78671875 0.11875 0.1375
41 0.90390625 0.70546875 0.11875 0.1359375
17 0.84375 0.46875 0.1234375 0.140625
7 0.71953125 0.378125 0.1203125 0.1359375
15 0.65859375 0.51953125 0.1234375 0.1375
21 0.28125 0.2453125 0.1203125 0.134375
39 0.71953125 0.75078125 0.1203125 0.134375
21 0.25234375 0.1328125 0.11875 0.1296875
10 0.19296875 0.64375 0.121875 0.1359375
8 0.78125 0.2375 0.11875 0.1375
15 0.6859375 0.6375 0.121875 0.1375
2 0.221875 0.38671875 0.1171875 0.1359375
18 0.03125 0.31796875 0.0625 0.1328125
14 0.59375 0.6640625 0.121875 0.1390625
4 0.41015625 0.33984375 0.1203125 0.1359375
35 0.253125 0.87890625 0.125 0.1390625
34 0.95078125 0.5609375 0.0984375 0.1375
2 0.25703125 0.50390625 0.121875 0.1390625
22 0.34609375 0.1078125 0.1171875 0.1265625
25 0.62421875 0.04765625 0.1171875 0.0953125
22 0.3765625 0.2203125 0.1125 0.1265625
25 0.6546875 0.14140625 0.109375 0.128125
3 0.315625 0.36171875 0.1140625 0.13125
3 0.3484375 0.478125 0.1109375 0.13125
4 0.43828125 0.45390625 0.125 0.13125
13 0.49921875 0.68828125 0.1203125 0.1390625
16 0.77734375 0.61328125 0.115625 0.13125
10 0.22265625 0.76015625 0.121875 0.1359375
36 0.375 0.95 0.115625 0.1
13 0.47421875 0.5703125 0.1234375 0.1359375
14 0.565625 0.5421875 0.11875 0.1421875
16 0.7484375 0.49375 0.1203125 0.1375
34 0.9359375 0.44453125 0.1140625 0.1375
38 0.81171875 0.7296875 0.109375 0.1265625
38 0.62578125 0.7796875 0.121875 0.1359375