6 0.6625 0.3328125 0.103125 0.1234375
37 0.415625 0.91484375 0.1015625 0.1203125
37 0.4234375 0.80078125 0.103125 0.1234375
6 0.653125 0.453125 0.103125 0.125
17 0.81796875 0.7109375 0.1046875 0.1265625
0 0.075 0.3984375 0.1015625 0.1234375
19 0.19296875 0.16875 0.103125 0.1203125
11 0.25625 0.5390625 0.103125 0.1234375
0 0.08671875 0.27890625 0.1 0.1234375
32 0.93828125 0.475 0.0984375 0.1265625
19 0.203125 0.0546875 0.103125 0.109375
35 0.12734375 0.88984375 0.10625 0.125
12 0.3515625 0.546875 0.103125 0.1203125
20 0.29140625 0.17734375 0.103125 0.1234375
11 0.24453125 0.659375 0.10625 0.1265625
26 0.8625 0.2265625 0.103125 0.121875
5 0.55703125 0.44453125 0.1015625 0.121875
26 0.8734375 0.1109375 0.1015625 0.1171875
32 0.946875 0.35546875 0.096875 0.1265625
24 0.671875 0.2109375 0.1015625 0.1203125
33 0.3171875 0.90234375 0.103125 0.121875
5 0.5671875 0.32578125 0.103125 0.1234375
12 0.3375 0.66640625 0.103125 0.1234375
31 0.04140625 0.88046875 0.0828125 0.1234375
20 0.30078125 0.06171875 0.103125 0.11875
9 0.065625 0.51953125 0.103125 0.1203125
31 0.04453125 0.765625 0.0890625 0.128125
1 0.18359375 0.2890625 0.1046875 0.1234375
8 0.84375 0.46875 0.1015625 0.1234375
23 0.5765625 0.20078125 0.103125 0.1203125
18 0.10625 0.04921875 0.1 0.0984375
24 0.68046875 0.09140625 0.1015625 0.115625
36 0.2328125 0.77734375 0.10625 0.125
7 0.7609375 0.34296875 0.1015625 0.125
1 0.1734375 0.40859375 0.1046875 0.1234375
33 0.32734375 0.7859375 0.10625 0.1234375
23 0.5859375 0.08515625 0.103125 0.115625
9 0.053125 0.6421875 0.1015625 0.125
41 0.809375 0.83125 0.1015625 0.1234375
17 0.83359375 0.58828125 0.1046875 0.128125
7 0.7484375 0.46015625 0.103125 0.1234375
15 0.64296875 0.57265625 0.10625 0.125
21 0.38125 0.1859375 0.103125 0.121875
39 0.6203125 0.8109375 0.103125 0.121875
21 0.3921875 0.0703125 0.103125 0.1171875
10 0.1625 0.5296875 0.1046875 0.1234375
8 0.85390625 0.35 0.1015625 0.125
15 0.62734375 0.6921875 0.1046875 0.125
2 0.27734375 0.2984375 0.1 0.1234375
18 0.09765625 0.16015625 0.0984375 0.1203125
14 0.53203125 0.68671875 0.1046875 0.1265625
4 0.4703125 0.31875 0.103125 0.1234375
35 0.13828125 0.771875 0.10625 0.1265625
34 0.91328125 0.715625 0.1015625 0.125
2 0.2703125 0.4203125 0.1046875 0.1265625
22 0.48984375 0.07890625 0.103125 0.1140625
25 0.778125 0.10078125 0.1 0.1203125
22 0.4796875 0.19453125 0.096875 0.115625
25 0.76796875 0.21640625 0.09375 0.115625
3 0.37421875 0.30703125 0.096875 0.1203125
3 0.36484375 0.428125 0.09375 0.1203125
4 0.4578125 0.4359375 0.109375 0.1171875
13 0.43515625 0.67734375 0.1015625 0.1265625
16 0.721875 0.7015625 0.0984375 0.1203125
10 0.15078125 0.65 0.1046875 0.1234375
36 0.2234375 0.8953125 0.0984375 0.121875
13 0.4515625 0.55703125 0.10625 0.1234375
14 0.546875 0.5625 0.1015625 0.1296875
16 0.73515625 0.5796875 0.103125 0.125
34 0.928125 0.596875 0.0953125 0.125
38 0.7140625 0.821875 0.09375 0.1140625
38 0.52265625 0.80546875 0.1046875 0.1234375