18 0.36640625 0.4265625 0.215625 0.1421875
37 0.13671875 0.3203125 0.2296875 0.1515625
37 0.6109375 0.53515625 0.2171875 0.1328125
6 0.171875 0.71171875 0.2359375 0.1578125
27 0.58046875 0.2734375 0.2171875 0.15625
26 0.62265625 0.66953125 0.215625 0.1515625
14 0.4046875 0.6859375 0.2359375 0.153125
38 0.8171875 0.24609375 0.24375 0.1578125
10 0.84765625 0.640625 0.225 0.1390625
7 0.83515625 0.51171875 0.21875 0.1328125
0 0.35078125 0.29765625 0.2359375 0.15
10 0.3796875 0.55625 0.221875 0.1421875
35 0.82265625 0.37890625 0.228125 0.1453125
31 0.159375 0.578125 0.2203125 0.1375
6 0.14296875 0.4484375 0.2109375 0.14375
3 0.59296875 0.40625 0.2109375 0.1375