18 0.365625 0.42890625 0.2171875 0.1453125
37 0.134375 0.3265625 0.23125 0.15625
37 0.6109375 0.53359375 0.21875 0.1375
6 0.17578125 0.71796875 0.2375 0.1609375
27 0.5765625 0.271875 0.21875 0.159375
26 0.625 0.6671875 0.2171875 0.1546875
14 0.4078125 0.6875 0.2375 0.15625
38 0.81328125 0.240625 0.2453125 0.1625
10 0.85 0.634375 0.2265625 0.1421875
7 0.83515625 0.50546875 0.21875 0.1359375
0 0.34765625 0.30078125 0.2375 0.1546875
10 0.38046875 0.55859375 0.2234375 0.1453125
35 0.8203125 0.3734375 0.2296875 0.1484375
31 0.1609375 0.58359375 0.221875 0.140625
6 0.1421875 0.4546875 0.2125 0.146875
3 0.59140625 0.4046875 0.2125 0.140625