0 0.6625 0.2890625 0.178125 0.178125
31 0.63359375 0.44765625 0.1828125 0.184375
26 0.46953125 0.41640625 0.1828125 0.18125
0 0.50234375 0.25859375 0.18125 0.1765625
7 0.28046875 0.5421875 0.19375 0.1890625
23 0.31171875 0.38671875 0.190625 0.1859375
6 0.33359375 0.2265625 0.1796875 0.178125
20 0.58203125 0.76171875 0.1859375 0.19375
25 0.60078125 0.60078125 0.1796875 0.1859375
33 0.24921875 0.709375 0.1953125 0.1953125
22 0.4125 0.734375 0.1890625 0.190625
35 0.44140625 0.56953125 0.1875 0.1875