5 0.83671875 0.49921875 0.0609375 0.0796875
1 0.6140625 0.5515625 0.059375 0.08125
1 0.5609375 0.56484375 0.05625 0.078125
5 0.7796875 0.5125 0.059375 0.08125
32 0.66875 0.5359375 0.0609375 0.0765625
1 0.5078125 0.5734375 0.05625 0.0796875
15 0.35234375 0.61171875 0.0578125 0.0796875
15 0.453125 0.58671875 0.0578125 0.08125
5 0.89609375 0.48515625 0.0640625 0.08125
32 0.7234375 0.52265625 0.0578125 0.0703125
15 0.403125 0.59921875 0.0578125 0.08125
33 0.25234375 0.6359375 0.0546875 0.0703125
33 0.30078125 0.62578125 0.0515625 0.0671875
33 0.20234375 0.64765625 0.0515625 0.0671875
33 0.15234375 0.65546875 0.0515625 0.071875