17 0.28359375 0.5265625 0.05 0.0890625
5 0.384375 0.52421875 0.0515625 0.0859375
5 0.4359375 0.52421875 0.0515625 0.0890625
17 0.334375 0.525 0.0546875 0.0875
17 0.23125 0.52734375 0.0515625 0.0875
5 0.4875 0.52265625 0.0515625 0.0890625
30 0.1828125 0.53203125 0.053125 0.0875
18 0.54140625 0.52109375 0.053125 0.0859375
18 0.646875 0.51796875 0.053125 0.0859375
21 0.70234375 0.51796875 0.05625 0.0890625
18 0.59375 0.51953125 0.0546875 0.0875
36 0.86640625 0.5140625 0.05625 0.0859375
21 0.75546875 0.5140625 0.05625 0.090625
29 0.134375 0.53359375 0.05 0.0875
21 0.8109375 0.51171875 0.0546875 0.090625
36 0.92578125 0.51015625 0.05 0.0828125
40 0.08359375 0.53515625 0.05 0.0859375
39 0.03671875 0.534375 0.04375 0.0859375