25 0.084375 0.4640625 0.0546875 0.2765625
25 0.1515625 0.4671875 0.05625 0.2671875
25 0.215625 0.4671875 0.05625 0.2640625
23 0.28515625 0.46640625 0.0578125 0.2859375
23 0.35078125 0.459375 0.0609375 0.271875
23 0.415625 0.47421875 0.0578125 0.278125
34 0.48125 0.4703125 0.05625 0.2546875
34 0.546875 0.46875 0.05625 0.2671875
34 0.609375 0.46640625 0.053125 0.2640625
37 0.671875 0.46484375 0.059375 0.275
37 0.73515625 0.465625 0.0609375 0.284375
37 0.79765625 0.46328125 0.0640625 0.2828125
32 0.86328125 0.46015625 0.0546875 0.2671875
32 0.92421875 0.46484375 0.0546875 0.253125