17 0.2890625 0.55625 0.0625 0.09375
5 0.3890625 0.53984375 0.0625 0.0921875
5 0.43984375 0.5328125 0.0625 0.09375
17 0.33984375 0.5484375 0.065625 0.09375
17 0.2375 0.56484375 0.0625 0.09375
5 0.490625 0.52421875 0.0625 0.09375
30 0.190625 0.57578125 0.0640625 0.09375
18 0.54375 0.515625 0.0640625 0.0921875
18 0.64765625 0.49765625 0.0640625 0.0921875
21 0.703125 0.48984375 0.0671875 0.0953125
18 0.5953125 0.50625 0.065625 0.09375
36 0.86484375 0.4625 0.0671875 0.0921875
21 0.7546875 0.478125 0.0671875 0.096875
29 0.14296875 0.584375 0.0609375 0.0921875
21 0.809375 0.46875 0.065625 0.096875
36 0.92265625 0.45078125 0.059375 0.0875
40 0.09296875 0.5921875 0.0609375 0.0921875
39 0.04609375 0.5984375 0.0546875 0.090625