32 0.7078125 0.609375 0.0734375 0.1203125
32 0.7609375 0.6 0.0734375 0.121875
37 0.81640625 0.58828125 0.075 0.1265625
32 0.6515625 0.621875 0.0671875 0.1078125
13 0.3875 0.68125 0.06875 0.121875
14 0.440625 0.67265625 0.0671875 0.121875
11 0.32890625 0.69140625 0.0703125 0.121875
35 0.59609375 0.63125 0.0625 0.1046875
30 0.1703125 0.72109375 0.075 0.125
9 0.2203125 0.7125 0.071875 0.1203125
37 0.9296875 0.56015625 0.0765625 0.125
37 0.875 0.57421875 0.0765625 0.1265625
35 0.54375 0.6421875 0.0609375 0.0984375
15 0.4921875 0.66171875 0.0640625 0.11875
10 0.2765625 0.70078125 0.0609375 0.115625