32 0.66953125 0.6625 0.0625 0.115625
32 0.7234375 0.66796875 0.0625 0.11875
37 0.7796875 0.671875 0.0625 0.121875
32 0.6125 0.65859375 0.05625 0.103125
13 0.34140625 0.64296875 0.05625 0.11875
14 0.3953125 0.64921875 0.0546875 0.1203125
11 0.2828125 0.63671875 0.059375 0.11875
35 0.55625 0.65234375 0.053125 0.1
30 0.12265625 0.62109375 0.0640625 0.121875
9 0.17265625 0.62734375 0.0609375 0.1171875
37 0.89609375 0.67578125 0.065625 0.1203125
37 0.83984375 0.675 0.0640625 0.1234375
35 0.50234375 0.6484375 0.0515625 0.0953125
15 0.4484375 0.653125 0.053125 0.115625
10 0.2296875 0.63125 0.05 0.1125