38 0.02734375 0.4859375 0.0546875 0.05625
25 0.77890625 0.55703125 0.046875 0.0578125
2 0.44375 0.5265625 0.046875 0.0546875
2 0.396875 0.521875 0.04375 0.0546875
2 0.4921875 0.52734375 0.046875 0.0546875
25 0.828125 0.5625 0.0484375 0.0578125
21 0.3046875 0.5140625 0.0453125 0.0515625
0 0.92734375 0.56953125 0.05 0.0578125
21 0.21171875 0.50546875 0.04375 0.0484375
25 0.73046875 0.55234375 0.0453125 0.05625
37 0.5375 0.534375 0.0453125 0.0546875
39 0.11953125 0.49609375 0.05 0.0578125
21 0.25859375 0.50859375 0.04375 0.05
2 0.34921875 0.51640625 0.046875 0.0546875
0 0.8765625 0.56328125 0.046875 0.0578125
37 0.68359375 0.546875 0.0453125 0.053125
41 0.16640625 0.5 0.046875 0.0546875
37 0.63203125 0.540625 0.046875 0.0546875
27 0.0703125 0.490625 0.0453125 0.0546875
37 0.58671875 0.5390625 0.046875 0.0546875