31 0.76875 0.4109375 0.0625 0.08125
31 0.83671875 0.41328125 0.0640625 0.078125
31 0.90390625 0.415625 0.06875 0.0796875
19 0.51484375 0.3984375 0.053125 0.0703125
25 0.33828125 0.38984375 0.05 0.0671875
25 0.396875 0.396875 0.0484375 0.06875
19 0.45546875 0.39765625 0.05 0.071875
25 0.28203125 0.390625 0.05 0.0671875
26 0.22421875 0.3875 0.053125 0.0671875
13 0.7046875 0.40546875 0.059375 0.0765625
19 0.57421875 0.4015625 0.053125 0.071875
13 0.6375 0.40234375 0.0546875 0.071875
26 0.16953125 0.38828125 0.05625 0.0703125
26 0.1171875 0.38515625 0.0578125 0.0671875