38 0.0265625 0.53515625 0.0515625 0.0515625
25 0.7828125 0.52734375 0.0421875 0.053125
2 0.446875 0.53203125 0.0421875 0.0515625
2 0.39921875 0.5328125 0.0390625 0.05
2 0.49453125 0.528125 0.0421875 0.0515625
25 0.8328125 0.52734375 0.0421875 0.0546875
21 0.30703125 0.534375 0.040625 0.046875
0 0.9328125 0.525 0.0453125 0.0546875
21 0.2140625 0.5359375 0.040625 0.0453125
25 0.734375 0.528125 0.040625 0.0515625
37 0.540625 0.53046875 0.040625 0.0515625
39 0.12109375 0.5359375 0.0453125 0.053125
21 0.2609375 0.534375 0.040625 0.0453125
2 0.3515625 0.53203125 0.0421875 0.05
0 0.88125 0.52421875 0.0421875 0.053125
37 0.6875 0.52734375 0.040625 0.0484375
41 0.16796875 0.53515625 0.0421875 0.05
37 0.63515625 0.5265625 0.040625 0.05
27 0.071875 0.53515625 0.0390625 0.05
37 0.58984375 0.5296875 0.040625 0.0515625