31 0.40234375 0.44140625 0.05 0.059375
31 0.4546875 0.4390625 0.05 0.059375
31 0.5078125 0.43984375 0.0515625 0.059375
23 0.24765625 0.4453125 0.046875 0.059375
22 0.77265625 0.43359375 0.0515625 0.059375
22 0.19765625 0.44609375 0.0515625 0.05625
31 0.35 0.44296875 0.05 0.059375
25 0.665625 0.43515625 0.0484375 0.0625
25 0.6125 0.4375 0.0484375 0.0625
22 0.7203125 0.43359375 0.0453125 0.0546875
25 0.56015625 0.43828125 0.0484375 0.0625
24 0.29765625 0.44375 0.0515625 0.0625
30 0.0921875 0.44921875 0.05 0.0625
38 0.03984375 0.44765625 0.0609375 0.0625
35 0.88359375 0.42890625 0.0484375 0.0578125
40 0.14453125 0.44765625 0.05625 0.0625
35 0.9390625 0.4296875 0.0453125 0.0546875
35 0.828125 0.4296875 0.0484375 0.059375