23 0.2515625 0.378125 0.05625 0.06875
23 0.30390625 0.3875 0.05625 0.06875
7 0.35546875 0.4 0.0546875 0.071875
1 0.7703125 0.48671875 0.0546875 0.0734375
7 0.459375 0.42421875 0.0546875 0.071875
7 0.4078125 0.41171875 0.053125 0.071875
23 0.20234375 0.365625 0.0546875 0.065625
3 0.87578125 0.50625 0.0625 0.075
2 0.825 0.496875 0.059375 0.071875
37 0.51015625 0.43515625 0.059375 0.071875
23 0.15546875 0.35625 0.053125 0.0671875
37 0.5625 0.44609375 0.059375 0.0734375
36 0.66640625 0.4625 0.0515625 0.0625
36 0.71796875 0.47265625 0.0515625 0.065625
36 0.6109375 0.453125 0.0546875 0.0671875
40 0.10078125 0.340625 0.0625 0.075