17 0.928125 0.5078125 0.0640625 0.08125
17 0.85078125 0.509375 0.0625 0.0796875
17 0.77890625 0.51171875 0.059375 0.0796875
15 0.509375 0.521875 0.0546875 0.0765625
11 0.3296875 0.52421875 0.0515625 0.078125
11 0.3875 0.5234375 0.0515625 0.0765625
31 0.64140625 0.51953125 0.0625 0.08125
31 0.71015625 0.5140625 0.0625 0.08125
13 0.1640625 0.5296875 0.053125 0.071875
16 0.4484375 0.52109375 0.0515625 0.075
14 0.57265625 0.5171875 0.059375 0.0796875
13 0.215625 0.53125 0.05 0.075
11 0.27265625 0.52578125 0.046875 0.075
13 0.11015625 0.53046875 0.0515625 0.0703125
39 0.05703125 0.53203125 0.0609375 0.071875