31 0.40390625 0.4390625 0.0484375 0.059375
31 0.45625 0.43828125 0.05 0.059375
31 0.50859375 0.43984375 0.0515625 0.059375
23 0.24921875 0.44140625 0.0453125 0.0578125
22 0.7734375 0.4390625 0.05 0.0578125
22 0.1984375 0.440625 0.0515625 0.05625
31 0.3515625 0.440625 0.05 0.059375
25 0.66640625 0.43828125 0.0484375 0.0625
25 0.61328125 0.4390625 0.0484375 0.0609375
22 0.72109375 0.4375 0.0453125 0.053125
25 0.5609375 0.43984375 0.046875 0.0609375
24 0.29921875 0.43984375 0.0515625 0.0609375
30 0.09296875 0.4421875 0.05 0.0625
38 0.040625 0.43984375 0.0609375 0.0625
35 0.884375 0.43515625 0.046875 0.0578125
40 0.1453125 0.44140625 0.0546875 0.0625
35 0.940625 0.43671875 0.0453125 0.053125
35 0.82890625 0.4359375 0.0484375 0.0578125