23 0.25 0.3828125 0.0546875 0.06875
23 0.30234375 0.390625 0.0546875 0.06875
7 0.353125 0.403125 0.0546875 0.071875
1 0.7703125 0.48203125 0.0546875 0.071875
7 0.4578125 0.425 0.0546875 0.071875
7 0.40625 0.41328125 0.053125 0.0703125
23 0.2 0.37109375 0.053125 0.065625
3 0.87578125 0.5 0.0625 0.0734375
2 0.825 0.49140625 0.0578125 0.071875
37 0.509375 0.43515625 0.0578125 0.071875
23 0.153125 0.3625 0.0515625 0.065625
37 0.56171875 0.44453125 0.0578125 0.0734375
36 0.665625 0.459375 0.0515625 0.0625
36 0.7171875 0.46875 0.0515625 0.0640625
36 0.61015625 0.4515625 0.053125 0.0671875
40 0.09765625 0.34765625 0.0625 0.0734375