17 0.92265625 0.43359375 0.0765625 0.090625
17 0.846875 0.4484375 0.0734375 0.0890625
17 0.7765625 0.4625 0.071875 0.0875
15 0.51328125 0.51953125 0.065625 0.084375
11 0.33671875 0.553125 0.0625 0.084375
11 0.39296875 0.54296875 0.0625 0.0828125
31 0.64296875 0.49453125 0.075 0.090625
31 0.709375 0.47734375 0.075 0.090625
13 0.17421875 0.5875 0.0640625 0.0796875
16 0.453125 0.5296875 0.0625 0.08125
14 0.57421875 0.50390625 0.0703125 0.0875
13 0.22578125 0.5796875 0.0609375 0.08125
11 0.28046875 0.56484375 0.0578125 0.08125
13 0.121875 0.59765625 0.0625 0.078125
39 0.06953125 0.60859375 0.071875 0.08125