31 0.73984375 0.3484375 0.0734375 0.0875
31 0.80625 0.334375 0.0734375 0.0859375
31 0.871875 0.3203125 0.078125 0.0875
19 0.48984375 0.39765625 0.0609375 0.075
25 0.31640625 0.43203125 0.0578125 0.0734375
25 0.375 0.425 0.0578125 0.075
19 0.43203125 0.41171875 0.059375 0.0765625
25 0.26171875 0.446875 0.0578125 0.0734375
26 0.20546875 0.4578125 0.0609375 0.071875
13 0.67578125 0.35859375 0.0671875 0.0828125
19 0.54765625 0.38671875 0.0625 0.0765625
13 0.609375 0.371875 0.0640625 0.078125
26 0.15234375 0.47109375 0.065625 0.0765625
26 0.10078125 0.48125 0.065625 0.0734375