17 0.5296875 0.3921875 0.0484375 0.065625
12 0.6359375 0.38125 0.0484375 0.0671875
30 0.09375 0.42578125 0.0578125 0.0671875
17 0.47421875 0.3953125 0.046875 0.065625
11 0.146875 0.42109375 0.05 0.065625
13 0.69296875 0.378125 0.05 0.06875
11 0.25703125 0.41484375 0.05 0.065625
13 0.4203125 0.40234375 0.0484375 0.0671875
13 0.31015625 0.41015625 0.0484375 0.065625
34 0.803125 0.36796875 0.046875 0.0640625
11 0.2015625 0.41796875 0.0484375 0.065625
17 0.58359375 0.3875 0.0484375 0.065625
13 0.365625 0.40703125 0.05 0.06875
14 0.74765625 0.3734375 0.0515625 0.06875
34 0.85625 0.3625 0.0484375 0.0625