27 0.08359375 0.52734375 0.05 0.0703125
1 0.3546875 0.51484375 0.0453125 0.0703125
1 0.46875 0.5109375 0.0453125 0.0734375
9 0.63984375 0.50390625 0.05 0.065625
1 0.4140625 0.5125 0.04375 0.0703125
9 0.57890625 0.50625 0.0484375 0.0640625
6 0.24453125 0.51875 0.0484375 0.06875
9 0.52265625 0.50703125 0.05 0.0703125
24 0.69609375 0.50078125 0.0515625 0.0703125
6 0.190625 0.521875 0.046875 0.0703125
6 0.29921875 0.51640625 0.0484375 0.0703125
24 0.81484375 0.5 0.0546875 0.0734375
24 0.7546875 0.5 0.0546875 0.0734375
36 0.875 0.49375 0.0515625 0.0625
36 0.93671875 0.48984375 0.0515625 0.0625
30 0.14140625 0.5234375 0.053125 0.0703125