23 0.40078125 0.3875 0.046875 0.0625
20 0.2984375 0.378125 0.0453125 0.059375
18 0.19609375 0.36484375 0.0515625 0.0625
20 0.55546875 0.4046875 0.0484375 0.0625
22 0.34921875 0.37890625 0.0421875 0.0515625
37 0.65625 0.41484375 0.0515625 0.065625
37 0.7609375 0.428125 0.053125 0.0640625
19 0.2453125 0.37421875 0.046875 0.0625
21 0.60546875 0.409375 0.0484375 0.0609375
24 0.4515625 0.39296875 0.046875 0.0625
37 0.70859375 0.421875 0.05 0.0625
33 0.8640625 0.4296875 0.04375 0.053125
28 0.09453125 0.3546875 0.0625 0.0671875
19 0.50234375 0.4 0.04375 0.059375
38 0.14609375 0.36171875 0.0578125 0.0671875
33 0.81484375 0.4265625 0.0453125 0.053125