21 0.7 0.58515625 0.0625 0.0734375
21 0.7546875 0.60078125 0.0640625 0.071875
25 0.44296875 0.51875 0.05625 0.0703125
23 0.3453125 0.4921875 0.05625 0.06875
25 0.8671875 0.62890625 0.0671875 0.078125
26 0.59375 0.55390625 0.0625 0.071875
25 0.809375 0.6140625 0.065625 0.0765625
24 0.396875 0.503125 0.0625 0.071875
26 0.5421875 0.53984375 0.0625 0.071875
21 0.64609375 0.57109375 0.0609375 0.0703125
26 0.4921875 0.53046875 0.0609375 0.071875
19 0.2078125 0.4546875 0.0484375 0.0625
19 0.253125 0.46796875 0.0546875 0.065625
28 0.16328125 0.44375 0.0546875 0.0625
38 0.1171875 0.43125 0.059375 0.065625
19 0.29609375 0.48046875 0.053125 0.0671875