23 0.6546875 0.4421875 0.05 0.0640625
20 0.35078125 0.3796875 0.0515625 0.065625
20 0.6046875 0.43359375 0.0546875 0.0640625
20 0.503125 0.40859375 0.05 0.0625
20 0.55390625 0.41875 0.053125 0.0625
18 0.25 0.359375 0.05625 0.0671875
36 0.45078125 0.4015625 0.05 0.0609375
29 0.1484375 0.33828125 0.065625 0.075
36 0.40078125 0.39140625 0.05 0.0609375
25 0.75390625 0.46171875 0.05 0.0640625
24 0.70234375 0.45 0.05625 0.0671875
19 0.29921875 0.37265625 0.0515625 0.065625
28 0.20078125 0.35234375 0.0578125 0.071875
33 0.85859375 0.475 0.0484375 0.0578125
33 0.91328125 0.48515625 0.05 0.059375
33 0.80625 0.46640625 0.046875 0.05625