27 0.09140625 0.584375 0.0578125 0.0765625
1 0.3578125 0.534375 0.053125 0.075
1 0.47109375 0.515625 0.0546875 0.078125
9 0.6390625 0.484375 0.059375 0.071875
1 0.4171875 0.52421875 0.053125 0.075
9 0.5796875 0.4953125 0.0578125 0.0703125
6 0.24921875 0.5546875 0.0578125 0.075
9 0.5234375 0.50390625 0.059375 0.0765625
24 0.69453125 0.4734375 0.059375 0.0765625
6 0.19609375 0.56484375 0.05625 0.075
6 0.303125 0.54453125 0.0578125 0.075
24 0.81171875 0.45625 0.0640625 0.0796875
24 0.75234375 0.4640625 0.0640625 0.0796875
36 0.8703125 0.4421875 0.059375 0.06875
36 0.93125 0.4296875 0.059375 0.06875
30 0.14765625 0.5734375 0.0609375 0.0765625