5 0.2328125 0.47734375 0.0671875 0.078125
34 0.8078125 0.64140625 0.075 0.0859375
1 0.68125 0.60546875 0.071875 0.084375
0 0.61796875 0.58671875 0.0703125 0.084375
4 0.1796875 0.46328125 0.065625 0.0765625
34 0.87578125 0.659375 0.06875 0.0828125
7 0.50546875 0.5546875 0.065625 0.08125
36 0.33515625 0.5078125 0.0609375 0.0734375
8 0.55859375 0.571875 0.0671875 0.0828125
2 0.74609375 0.62421875 0.075 0.0875
6 0.44609375 0.5390625 0.0640625 0.0765625
36 0.38984375 0.52265625 0.0609375 0.071875
36 0.28125 0.49296875 0.0578125 0.071875
3 0.13203125 0.44921875 0.065625 0.075
27 0.078125 0.43671875 0.0609375 0.075