20 0.4515625 0.48046875 0.071875 0.084375
18 0.6515625 0.53046875 0.0765625 0.0875
18 0.71875 0.55234375 0.0765625 0.0828125
20 0.25703125 0.4296875 0.0671875 0.084375
21 0.321875 0.446875 0.071875 0.0796875
21 0.515625 0.4984375 0.071875 0.0796875
25 0.85546875 0.5921875 0.078125 0.0953125
22 0.3859375 0.46328125 0.0671875 0.0765625
26 0.925 0.61171875 0.0921875 0.0984375
22 0.58515625 0.515625 0.075 0.0828125
24 0.784375 0.57421875 0.0796875 0.09375
33 0.12734375 0.38984375 0.065625 0.078125
33 0.18984375 0.41015625 0.065625 0.0765625
33 0.065625 0.37265625 0.0640625 0.078125