3 0.6921875 0.5078125 0.0578125 0.06875
25 0.5859375 0.475 0.0578125 0.06875
24 0.91640625 0.5734375 0.0703125 0.0765625
29 0.1015625 0.33671875 0.0578125 0.065625
26 0.63984375 0.48984375 0.0609375 0.0703125
3 0.74765625 0.52421875 0.0625 0.0703125
24 0.8578125 0.55546875 0.0703125 0.0765625
19 0.33515625 0.4015625 0.0515625 0.0640625
24 0.8015625 0.5359375 0.065625 0.071875
19 0.28828125 0.39140625 0.05 0.0640625
32 0.48515625 0.44453125 0.05625 0.065625
24 0.5390625 0.46171875 0.0609375 0.06875
19 0.2421875 0.378125 0.05 0.0640625
19 0.1953125 0.36328125 0.0453125 0.059375
32 0.3875 0.41484375 0.0515625 0.0609375
40 0.15 0.35078125 0.0640625 0.06875
32 0.434375 0.4296875 0.0546875 0.0625