5 0.25546875 0.61015625 0.0671875 0.078125
34 0.8375 0.47421875 0.0765625 0.0875
1 0.71015625 0.5046875 0.0734375 0.0859375
0 0.64453125 0.51875 0.071875 0.0859375
4 0.20234375 0.6234375 0.0671875 0.0765625
34 0.90625 0.4578125 0.0703125 0.0828125
7 0.53125 0.5453125 0.0671875 0.0828125
36 0.36015625 0.58671875 0.0625 0.075
8 0.5859375 0.534375 0.06875 0.0828125
2 0.775 0.4890625 0.0765625 0.0875
6 0.471875 0.56015625 0.0640625 0.0765625
36 0.4140625 0.5734375 0.0609375 0.071875
36 0.30546875 0.6 0.059375 0.071875
3 0.153125 0.634375 0.065625 0.075
27 0.1 0.64921875 0.0625 0.075