23 0.65625 0.44765625 0.0515625 0.065625
20 0.3546875 0.375 0.053125 0.0671875
20 0.60703125 0.4375 0.05625 0.065625
20 0.50625 0.40859375 0.0515625 0.0640625
20 0.55703125 0.42109375 0.0546875 0.0640625
18 0.25546875 0.35078125 0.0578125 0.06875
36 0.45390625 0.4 0.0515625 0.0625
29 0.1546875 0.32578125 0.0671875 0.0765625
36 0.4046875 0.38828125 0.0515625 0.0625
25 0.75546875 0.4703125 0.0515625 0.065625
24 0.70390625 0.45703125 0.0578125 0.0671875
19 0.30390625 0.365625 0.053125 0.0671875
28 0.20625 0.34140625 0.059375 0.0734375
33 0.859375 0.4875 0.05 0.059375
33 0.9140625 0.49921875 0.0515625 0.0609375
33 0.8078125 0.47734375 0.0484375 0.0578125