3 0.6859375 0.45078125 0.0484375 0.0609375
25 0.575 0.45078125 0.0484375 0.0625
24 0.91953125 0.4484375 0.059375 0.06875
29 0.071875 0.4609375 0.0484375 0.0578125
26 0.63125 0.44921875 0.0515625 0.0625
3 0.74375 0.45078125 0.0515625 0.0640625
24 0.85859375 0.4484375 0.059375 0.06875
19 0.3140625 0.45390625 0.0421875 0.0578125
24 0.79921875 0.44609375 0.05625 0.0640625
19 0.265625 0.45859375 0.040625 0.0578125
32 0.46953125 0.4515625 0.046875 0.0578125
24 0.5265625 0.4515625 0.0515625 0.0609375
19 0.21796875 0.45859375 0.040625 0.0578125
19 0.16875 0.45859375 0.0359375 0.0546875
32 0.36796875 0.4515625 0.04375 0.0546875
40 0.121875 0.459375 0.0546875 0.0609375
32 0.4171875 0.4515625 0.0453125 0.05625