20 0.44921875 0.4890625 0.0609375 0.078125
18 0.6546875 0.50390625 0.065625 0.0796875
18 0.725 0.51328125 0.0671875 0.075
20 0.2484375 0.47265625 0.0546875 0.078125
21 0.31484375 0.478125 0.0609375 0.071875
21 0.51484375 0.4953125 0.0609375 0.071875
25 0.86640625 0.52890625 0.065625 0.0875
22 0.38125 0.48359375 0.0578125 0.06875
26 0.9375 0.5359375 0.08125 0.0875
22 0.58671875 0.50078125 0.0640625 0.075
24 0.79296875 0.5234375 0.0671875 0.0859375
33 0.1140625 0.45625 0.05625 0.0703125
33 0.17890625 0.46484375 0.05625 0.06875
33 0.05 0.45 0.053125 0.071875