1 0.31796875 0.55625 0.0515625 0.0734375
29 0.09296875 0.528125 0.0546875 0.0671875
8 0.9140625 0.62890625 0.0703125 0.0765625
8 0.48828125 0.57734375 0.0578125 0.06875
1 0.375 0.56328125 0.046875 0.0703125
0 0.2609375 0.55078125 0.0578125 0.071875
0 0.20625 0.5421875 0.05625 0.0734375
1 0.43125 0.5703125 0.0515625 0.0671875
6 0.7875 0.6125 0.059375 0.071875
6 0.72734375 0.60625 0.0609375 0.075
7 0.546875 0.58359375 0.059375 0.0734375
8 0.84609375 0.621875 0.0671875 0.0765625
6 0.6703125 0.60078125 0.0609375 0.0734375
6 0.60703125 0.59140625 0.0578125 0.0703125
0 0.15 0.53671875 0.05625 0.0703125
40 0.0375 0.51953125 0.065625 0.0671875