23 0.29921875 0.440625 0.0609375 0.0765625
20 0.6453125 0.49140625 0.059375 0.0671875
20 0.53203125 0.47734375 0.059375 0.071875
21 0.475 0.465625 0.0578125 0.071875
21 0.18203125 0.41875 0.059375 0.071875
20 0.58515625 0.48203125 0.059375 0.06875
22 0.2421875 0.428125 0.059375 0.0734375
26 0.81171875 0.51953125 0.0671875 0.075
21 0.36015625 0.44921875 0.059375 0.0734375
32 0.865625 0.5265625 0.0625 0.0734375
32 0.92421875 0.5375 0.0625 0.075
21 0.41484375 0.459375 0.0609375 0.075
25 0.75390625 0.5109375 0.059375 0.0765625
24 0.696875 0.5015625 0.0625 0.0765625
29 0.121875 0.41015625 0.0734375 0.0828125