15 0.7390625 0.55703125 0.078125 0.1125
15 0.68125 0.57109375 0.078125 0.1125
12 0.3234375 0.65078125 0.0796875 0.115625
10 0.20390625 0.67578125 0.08125 0.1171875
11 0.2640625 0.66484375 0.0796875 0.1171875
36 0.62109375 0.58203125 0.078125 0.1140625
34 0.9140625 0.515625 0.075 0.1109375
9 0.140625 0.6921875 0.0796875 0.115625
36 0.5640625 0.5953125 0.0765625 0.115625
14 0.44609375 0.62421875 0.078125 0.1140625
13 0.38359375 0.63828125 0.078125 0.1140625
34 0.85546875 0.528125 0.075 0.109375
34 0.796875 0.5421875 0.0765625 0.1125
36 0.5046875 0.61015625 0.078125 0.115625
38 0.078125 0.70234375 0.0765625 0.1140625