15 0.728125 0.58984375 0.0640625 0.10625
15 0.66953125 0.59609375 0.065625 0.10625
12 0.30390625 0.62421875 0.0671875 0.109375
10 0.18203125 0.63359375 0.0671875 0.1109375
11 0.24296875 0.6296875 0.0671875 0.1109375
36 0.60859375 0.5984375 0.0640625 0.1078125
34 0.9078125 0.5734375 0.0609375 0.1046875
9 0.1171875 0.640625 0.0671875 0.109375
36 0.55 0.603125 0.0640625 0.109375
14 0.4296875 0.615625 0.0640625 0.1078125
13 0.365625 0.6203125 0.0640625 0.1078125
34 0.8484375 0.57734375 0.0609375 0.103125
34 0.78828125 0.58359375 0.0625 0.10625
36 0.4890625 0.61015625 0.065625 0.109375
38 0.0546875 0.64140625 0.0640625 0.1078125