41 0.1703125 0.3984375 0.0625 0.071875
20 0.790625 0.553125 0.059375 0.0671875
20 0.840625 0.565625 0.0625 0.06875
8 0.54609375 0.49140625 0.0546875 0.0703125
20 0.89609375 0.5796875 0.0703125 0.075
8 0.5953125 0.50390625 0.05625 0.06875
32 0.740625 0.5390625 0.0578125 0.06875
24 0.35703125 0.44296875 0.0546875 0.0671875
32 0.6890625 0.528125 0.0578125 0.0671875
8 0.64375 0.51484375 0.05625 0.0703125
24 0.30859375 0.43046875 0.0546875 0.0671875
24 0.26171875 0.41875 0.0515625 0.065625
30 0.21796875 0.409375 0.059375 0.071875
27 0.1203125 0.38515625 0.0671875 0.0703125
15 0.4984375 0.48203125 0.0546875 0.0671875
15 0.45 0.46953125 0.053125 0.0671875
15 0.403125 0.45390625 0.053125 0.0671875