20 0.525 0.48671875 0.0546875 0.06875
21 0.57734375 0.4765625 0.0546875 0.0625
18 0.309375 0.5171875 0.053125 0.0625
18 0.259375 0.52421875 0.053125 0.0625
18 0.2078125 0.53203125 0.0515625 0.0640625
31 0.41796875 0.50234375 0.0515625 0.0625
22 0.63515625 0.46875 0.053125 0.0625
34 0.8046875 0.440625 0.05625 0.0671875
34 0.92421875 0.421875 0.05625 0.0703125
34 0.86328125 0.43046875 0.0578125 0.0703125
31 0.46796875 0.4953125 0.0515625 0.0625
31 0.3640625 0.51015625 0.0484375 0.0609375
39 0.15546875 0.54140625 0.0578125 0.0671875
24 0.68828125 0.46015625 0.059375 0.071875
24 0.74375 0.4515625 0.059375 0.071875
27 0.05234375 0.55234375 0.05625 0.0671875
30 0.10546875 0.54765625 0.05625 0.06875