1 0.34296875 0.60703125 0.0546875 0.075
29 0.11875 0.64609375 0.0578125 0.06875
8 0.93359375 0.50234375 0.0734375 0.078125
8 0.5109375 0.57734375 0.059375 0.0703125
1 0.39921875 0.596875 0.05 0.071875
0 0.2859375 0.61875 0.0609375 0.0734375
0 0.23125 0.62578125 0.059375 0.075
1 0.45546875 0.5875 0.053125 0.06875
6 0.8078125 0.5234375 0.0625 0.0734375
6 0.7484375 0.5359375 0.0640625 0.0765625
7 0.56953125 0.56640625 0.0625 0.075
8 0.8671875 0.515625 0.0703125 0.0796875
6 0.6921875 0.54609375 0.0640625 0.075
6 0.62890625 0.55546875 0.0609375 0.071875
0 0.17578125 0.6375 0.059375 0.0734375
40 0.06328125 0.65390625 0.0671875 0.0703125