6 0.34296875 0.53046875 0.053125 0.065625
5 0.7890625 0.46015625 0.0578125 0.0640625
5 0.8890625 0.440625 0.0609375 0.0640625
31 0.440625 0.51171875 0.0484375 0.0578125
31 0.49140625 0.50546875 0.05 0.0609375
6 0.24609375 0.540625 0.05625 0.065625
6 0.29296875 0.5375 0.053125 0.065625
31 0.39296875 0.52109375 0.05 0.059375
5 0.840625 0.4515625 0.0578125 0.0640625
2 0.63984375 0.48125 0.05 0.0625
2 0.740625 0.46875 0.053125 0.065625
2 0.690625 0.47734375 0.0515625 0.0640625
0 0.58828125 0.49375 0.05 0.0671875
0 0.540625 0.503125 0.0515625 0.06875