12 0.9578125 0.56796875 0.059375 0.071875
12 0.8296875 0.55625 0.0546875 0.06875
12 0.890625 0.56171875 0.0578125 0.071875
4 0.2625 0.5046875 0.053125 0.06875
39 0.1046875 0.48828125 0.05625 0.0671875
4 0.31796875 0.509375 0.053125 0.065625
8 0.71171875 0.5421875 0.053125 0.06875
4 0.21015625 0.4984375 0.0546875 0.0671875
8 0.7703125 0.54765625 0.0546875 0.0703125
7 0.4828125 0.52109375 0.0484375 0.065625
36 0.6515625 0.53828125 0.05 0.0625
7 0.42734375 0.515625 0.053125 0.0671875
7 0.371875 0.51171875 0.053125 0.0671875
36 0.5953125 0.534375 0.053125 0.0609375
27 0.05078125 0.48359375 0.0546875 0.0609375
36 0.5390625 0.52890625 0.05 0.0625
30 0.1578125 0.4921875 0.05 0.0671875