20 0.265625 0.4203125 0.0578125 0.0734375
10 0.61328125 0.378125 0.05625 0.071875
18 0.14921875 0.4328125 0.0578125 0.071875
34 0.7875 0.3578125 0.05625 0.071875
10 0.7375 0.36015625 0.0625 0.0734375
26 0.453125 0.39765625 0.059375 0.071875
37 0.509375 0.39296875 0.05625 0.071875
37 0.5609375 0.38515625 0.0546875 0.071875
24 0.32421875 0.41328125 0.059375 0.0734375
19 0.2078125 0.425 0.059375 0.0734375
34 0.903125 0.34453125 0.0609375 0.0734375
34 0.85234375 0.3609375 0.0625 0.0578125
10 0.67734375 0.3828125 0.0703125 0.0625
25 0.390625 0.41640625 0.075 0.0609375