4 0.5875 0.4515625 0.053125 0.0625
4 0.53828125 0.4625 0.053125 0.0609375
25 0.34609375 0.50078125 0.0515625 0.059375
7 0.8453125 0.4046875 0.0609375 0.065625
7 0.79140625 0.415625 0.0578125 0.065625
25 0.39375 0.4921875 0.0515625 0.0609375
25 0.44296875 0.4828125 0.0515625 0.0609375
25 0.490625 0.47421875 0.0515625 0.0625
7 0.90234375 0.3921875 0.0671875 0.06875
9 0.25546875 0.51484375 0.0578125 0.0625
9 0.2078125 0.52421875 0.05625 0.0625
28 0.16171875 0.5328125 0.05625 0.059375
0 0.68515625 0.434375 0.0546875 0.0640625
41 0.73984375 0.421875 0.0578125 0.065625
41 0.63671875 0.44296875 0.0546875 0.0640625