22 0.753125 0.37734375 0.0484375 0.0515625
4 0.3671875 0.37578125 0.053125 0.059375
23 0.80703125 0.3765625 0.0515625 0.0578125
1 0.13359375 0.3921875 0.0421875 0.059375
2 0.2484375 0.384375 0.0484375 0.059375
8 0.7 0.3796875 0.0546875 0.0578125
1 0.19140625 0.38828125 0.0453125 0.059375
8 0.64375 0.3734375 0.0484375 0.05625
6 0.4203125 0.38125 0.053125 0.059375
7 0.53359375 0.37890625 0.053125 0.059375
7 0.58828125 0.37890625 0.0515625 0.059375
6 0.47890625 0.3796875 0.0515625 0.059375
24 0.859375 0.37578125 0.0546875 0.05625
3 0.3109375 0.37734375 0.0484375 0.059375