17 0.2546875 0.50390625 0.0609375 0.0703125
31 0.5375 0.45234375 0.0609375 0.0703125
35 0.70703125 0.4140625 0.059375 0.0671875
35 0.7640625 0.403125 0.059375 0.06875
31 0.59296875 0.44140625 0.0609375 0.071875
34 0.821875 0.3953125 0.0609375 0.0703125
31 0.48125 0.45859375 0.059375 0.0703125
35 0.64921875 0.425 0.059375 0.06875
11 0.42421875 0.46953125 0.0609375 0.071875
9 0.31484375 0.49375 0.059375 0.065625
34 0.884375 0.384375 0.0625 0.0703125
10 0.36875 0.478125 0.059375 0.071875
17 0.20234375 0.5140625 0.059375 0.0703125
17 0.146875 0.521875 0.0625 0.071875
39 0.09375 0.5375 0.0625 0.0671875