17 0.25546875 0.5203125 0.0640625 0.071875
31 0.534375 0.45 0.0640625 0.0734375
35 0.70078125 0.4 0.0625 0.0703125
35 0.75625 0.38515625 0.0625 0.0703125
31 0.58828125 0.43515625 0.0640625 0.0734375
34 0.8140625 0.3734375 0.065625 0.0734375
31 0.478125 0.46015625 0.0640625 0.0734375
35 0.64375 0.41484375 0.0625 0.0703125
11 0.421875 0.475 0.0640625 0.075
9 0.31484375 0.50703125 0.0625 0.06875
34 0.875 0.3578125 0.0671875 0.0734375
10 0.3671875 0.4875 0.0625 0.0734375
17 0.2046875 0.53515625 0.0640625 0.071875
17 0.14921875 0.54609375 0.0671875 0.075
39 0.09765625 0.565625 0.065625 0.0703125