21 0.415625 0.54296875 0.053125 0.0609375
23 0.72890625 0.5953125 0.053125 0.0671875
21 0.36328125 0.5359375 0.0546875 0.0609375
21 0.4671875 0.5515625 0.053125 0.0609375
23 0.78203125 0.603125 0.053125 0.0671875
26 0.8984375 0.6234375 0.06875 0.06875
35 0.26171875 0.51953125 0.046875 0.059375
26 0.8390625 0.615625 0.0609375 0.0671875
23 0.678125 0.5859375 0.053125 0.0671875
35 0.30859375 0.528125 0.0453125 0.0578125
19 0.6203125 0.57734375 0.0484375 0.0625
41 0.16484375 0.50078125 0.05625 0.0609375
19 0.57109375 0.56640625 0.0515625 0.0625
19 0.51796875 0.55703125 0.04375 0.059375
35 0.2125 0.5109375 0.0453125 0.0625
30 0.1109375 0.4921875 0.0609375 0.0625