20 0.29140625 0.365625 0.0546875 0.071875
10 0.6390625 0.409375 0.0546875 0.0703125
18 0.17578125 0.35 0.0546875 0.0703125
34 0.81328125 0.43125 0.053125 0.0703125
10 0.7640625 0.421875 0.059375 0.071875
26 0.4796875 0.3890625 0.05625 0.0703125
37 0.53515625 0.3984375 0.053125 0.0703125
37 0.5875 0.403125 0.053125 0.0703125
24 0.35078125 0.3734375 0.05625 0.071875
19 0.234375 0.35625 0.05625 0.071875
34 0.92890625 0.446875 0.0578125 0.071875
34 0.875 0.45 0.0609375 0.0546875
10 0.70078125 0.42890625 0.06875 0.0609375
25 0.4140625 0.39296875 0.0734375 0.0578125