5 0.62109375 0.43359375 0.0546875 0.065625
8 0.82890625 0.47734375 0.059375 0.0671875
14 0.2921875 0.36171875 0.0484375 0.0609375
0 0.8828125 0.4875 0.0609375 0.065625
16 0.4734375 0.39765625 0.05 0.0609375
16 0.38203125 0.37734375 0.05 0.0609375
29 0.203125 0.34140625 0.053125 0.0640625
0 0.940625 0.5015625 0.0640625 0.06875
17 0.5234375 0.4078125 0.0515625 0.0609375
30 0.25 0.35 0.0546875 0.0625
7 0.775 0.4640625 0.0578125 0.0640625
4 0.57109375 0.4203125 0.053125 0.0640625
6 0.72421875 0.453125 0.05625 0.0640625
6 0.671875 0.44140625 0.05625 0.0640625
15 0.3375 0.36796875 0.0484375 0.0625
15 0.43046875 0.38671875 0.0484375 0.0609375
28 0.16015625 0.33125 0.053125 0.0625
27 0.1171875 0.32109375 0.0609375 0.0640625