4 0.59140625 0.459375 0.05 0.0609375
4 0.54140625 0.465625 0.0484375 0.0578125
25 0.346875 0.4875 0.046875 0.05625
7 0.85234375 0.43515625 0.0578125 0.0625
7 0.79765625 0.44140625 0.0546875 0.0625
25 0.3953125 0.4828125 0.046875 0.0578125
25 0.44453125 0.478125 0.0484375 0.059375
25 0.49296875 0.4734375 0.0484375 0.059375
7 0.91015625 0.42734375 0.0625 0.065625
9 0.25546875 0.49375 0.053125 0.059375
9 0.20703125 0.4984375 0.053125 0.059375
28 0.16015625 0.50390625 0.0515625 0.05625
0 0.690625 0.45078125 0.0515625 0.0609375
41 0.74609375 0.44296875 0.053125 0.0625
41 0.64140625 0.4546875 0.0515625 0.0609375