5 0.603125 0.4078125 0.0453125 0.059375
8 0.815625 0.40390625 0.0515625 0.059375
14 0.26640625 0.41171875 0.040625 0.05625
0 0.8703125 0.4015625 0.0515625 0.059375
16 0.4515625 0.40625 0.0421875 0.0546875
16 0.3578125 0.40703125 0.0421875 0.05625
29 0.175 0.41171875 0.0453125 0.059375
0 0.9296875 0.40234375 0.05625 0.0609375
17 0.50234375 0.4046875 0.04375 0.0546875
30 0.22265625 0.41015625 0.046875 0.05625
7 0.76015625 0.403125 0.05 0.0578125
4 0.5515625 0.40625 0.0453125 0.0578125
6 0.7078125 0.40390625 0.0484375 0.0578125
6 0.6546875 0.40390625 0.0484375 0.0578125
15 0.3125 0.4078125 0.0390625 0.0578125
15 0.40703125 0.40546875 0.040625 0.05625
28 0.13125 0.41171875 0.0453125 0.05625
27 0.08671875 0.41171875 0.053125 0.05625