21 0.5125 0.39765625 0.0546875 0.0671875
21 0.45703125 0.390625 0.0546875 0.0671875
26 0.29140625 0.36875 0.05625 0.0671875
31 0.6875 0.41953125 0.0578125 0.071875
21 0.4015625 0.3828125 0.053125 0.0640625
31 0.74765625 0.428125 0.059375 0.0703125
0 0.628125 0.4125 0.0578125 0.0703125
31 0.809375 0.4359375 0.0609375 0.071875
26 0.23671875 0.36328125 0.0546875 0.065625
35 0.93515625 0.4546875 0.0578125 0.0734375
35 0.86953125 0.4421875 0.0578125 0.0703125
30 0.18203125 0.35625 0.0609375 0.071875
0 0.56953125 0.4046875 0.05625 0.06875
26 0.34609375 0.3765625 0.05625 0.0671875
35 0.984375 0.459375 0.03125 0.071875
40 0.128125 0.353125 0.0625 0.0703125
38 0.078125 0.34296875 0.065625 0.071875