5 0.80390625 0.403125 0.0671875 0.084375
4 0.73828125 0.40078125 0.0609375 0.0828125
8 0.3640625 0.41015625 0.053125 0.078125
8 0.4234375 0.409375 0.05625 0.078125
8 0.30546875 0.4109375 0.05625 0.078125
6 0.875 0.3953125 0.065625 0.08125
2 0.5453125 0.41015625 0.059375 0.08125
3 0.6734375 0.40703125 0.0625 0.084375
2 0.60859375 0.4078125 0.0609375 0.08125
6 0.94140625 0.390625 0.065625 0.0828125
2 0.48359375 0.4125 0.0546875 0.0796875
7 0.24453125 0.4125 0.0546875 0.078125
7 0.1296875 0.41640625 0.05625 0.075
7 0.18515625 0.41484375 0.05625 0.075
41 0.06875 0.41796875 0.065625 0.0765625