12 0.85625 0.66484375 0.0609375 0.0734375
12 0.19921875 0.54296875 0.05625 0.06875
41 0.1484375 0.5375 0.059375 0.0703125
37 0.62734375 0.6203125 0.05625 0.0703125
34 0.57265625 0.6125 0.053125 0.065625
11 0.79921875 0.653125 0.0578125 0.06875
38 0.0421875 0.51484375 0.065625 0.0703125
9 0.41171875 0.58203125 0.05625 0.0671875
9 0.46640625 0.5890625 0.0546875 0.0671875
34 0.51796875 0.6015625 0.053125 0.0640625
13 0.9171875 0.67265625 0.0640625 0.075
29 0.09375 0.5234375 0.0546875 0.0703125
37 0.73984375 0.640625 0.0578125 0.06875
37 0.68515625 0.63125 0.059375 0.0703125
14 0.3 0.56328125 0.053125 0.06875
9 0.35859375 0.5703125 0.0546875 0.0671875
13 0.24765625 0.553125 0.05625 0.06875