17 0.12109375 0.52890625 0.0640625 0.09375
17 0.18125 0.52265625 0.0625 0.090625
21 0.240625 0.5046875 0.059375 0.084375
35 0.79140625 0.4515625 0.0484375 0.0703125
35 0.74453125 0.45078125 0.0453125 0.0734375
35 0.7015625 0.45234375 0.0453125 0.071875
11 0.5125 0.48515625 0.053125 0.08125
21 0.3546875 0.49609375 0.05625 0.08125
21 0.29609375 0.5015625 0.059375 0.084375
13 0.609375 0.4703125 0.05 0.0796875
13 0.559375 0.475 0.0515625 0.08125
13 0.6578125 0.46328125 0.05 0.0796875
32 0.84453125 0.03828125 0.0578125 0.0546875
11 0.45703125 0.47890625 0.053125 0.0828125
11 0.40625 0.49140625 0.05625 0.084375
32 0.8375 0.01171875 0.05625 0.0234375
15 0.925 0.09140625 0.0625 0.0625
15 0.90859375 0.0375 0.0640625 0.053125
32 0.8671875 0.084375 0.059375 0.0515625
32 0.4953125 0.053125 0.0546875 0.0703125