0 0.6671875 0.4484375 0.0625 0.078125
0 0.73515625 0.45390625 0.0671875 0.0828125
0 0.8078125 0.4609375 0.0671875 0.084375
6 0.8796875 0.46875 0.0703125 0.0859375
6 0.953125 0.47421875 0.075 0.0875
32 0.534375 0.43359375 0.0609375 0.078125
32 0.60234375 0.440625 0.0609375 0.0765625
2 0.14296875 0.39609375 0.0609375 0.0828125
32 0.46484375 0.4265625 0.0625 0.0796875
2 0.20546875 0.40390625 0.059375 0.08125
2 0.07890625 0.384375 0.0609375 0.08125
14 0.40078125 0.4234375 0.0609375 0.08125
14 0.3328125 0.415625 0.0625 0.0828125
14 0.26875 0.409375 0.0609375 0.0828125