20 0.71171875 0.384375 0.05625 0.065625
20 0.77109375 0.3796875 0.0546875 0.065625
20 0.4796875 0.39765625 0.0484375 0.0609375
34 0.83125 0.37734375 0.053125 0.065625
34 0.89453125 0.371875 0.053125 0.065625
18 0.3671875 0.40390625 0.0546875 0.0625
26 0.59296875 0.39140625 0.05625 0.0640625
23 0.2609375 0.4109375 0.046875 0.0609375
22 0.209375 0.4125 0.053125 0.0578125
24 0.309375 0.40703125 0.05 0.0640625
26 0.5359375 0.39453125 0.0546875 0.065625
26 0.6515625 0.38671875 0.0578125 0.0640625
34 0.96015625 0.3671875 0.0515625 0.0640625
41 0.15703125 0.4203125 0.0515625 0.0640625
19 0.4234375 0.403125 0.0484375 0.0625
30 0.103125 0.421875 0.05 0.0625
27 0.05234375 0.42109375 0.0515625 0.0625