26 0.12578125 0.590625 0.059375 0.0625
26 0.2296875 0.5734375 0.059375 0.0609375
36 0.4390625 0.54453125 0.0484375 0.059375
36 0.546875 0.528125 0.05 0.059375
36 0.49296875 0.53359375 0.053125 0.0640625
26 0.1765625 0.58203125 0.059375 0.0625
8 0.384375 0.553125 0.0515625 0.0609375
35 0.7765625 0.4953125 0.059375 0.0640625
3 0.834375 0.4859375 0.0578125 0.065625
36 0.60234375 0.5203125 0.05 0.05625
35 0.71796875 0.5015625 0.0546875 0.0609375
8 0.33203125 0.55859375 0.05625 0.0625
3 0.89453125 0.47578125 0.0640625 0.0703125
39 0.075 0.59921875 0.0578125 0.0625
8 0.28046875 0.56796875 0.0546875 0.0609375
35 0.66015625 0.51328125 0.0515625 0.059375