12 0.52265625 0.49375 0.0609375 0.0734375
12 0.6359375 0.47578125 0.059375 0.071875
12 0.57890625 0.484375 0.059375 0.0734375
1 0.69609375 0.46640625 0.053125 0.071875
1 0.753125 0.45703125 0.05625 0.0734375
9 0.178125 0.55 0.0671875 0.075
3 0.809375 0.44765625 0.0640625 0.075
3 0.86796875 0.4390625 0.065625 0.075
8 0.40625 0.5140625 0.0640625 0.075
9 0.23515625 0.5421875 0.0703125 0.078125
3 0.9265625 0.42734375 0.0734375 0.078125
8 0.34921875 0.521875 0.06875 0.0765625
29 0.11953125 0.56015625 0.06875 0.0734375
8 0.46171875 0.50390625 0.0640625 0.075
39 0.0625 0.56640625 0.065625 0.0765625
9 0.29140625 0.53203125 0.0640625 0.075