26 0.125 0.58359375 0.059375 0.0625
26 0.228125 0.56875 0.059375 0.0609375
36 0.43828125 0.54375 0.0484375 0.0578125
36 0.54609375 0.52890625 0.05 0.0578125
36 0.4921875 0.53359375 0.0515625 0.0625
26 0.175 0.57578125 0.0578125 0.0625
8 0.38359375 0.5515625 0.05 0.059375
35 0.7765625 0.5 0.0578125 0.0640625
3 0.834375 0.4921875 0.0578125 0.065625
36 0.6015625 0.521875 0.05 0.0546875
35 0.71796875 0.50546875 0.053125 0.0609375
8 0.33125 0.55546875 0.0546875 0.0609375
3 0.89453125 0.4828125 0.0640625 0.06875
39 0.0734375 0.59140625 0.05625 0.0625
8 0.2796875 0.5640625 0.053125 0.0609375
35 0.66015625 0.515625 0.0515625 0.0578125