1 0.271875 0.3578125 0.046875 0.0625
1 0.171875 0.33515625 0.0515625 0.065625
1 0.22109375 0.34296875 0.0484375 0.0625
6 0.52265625 0.4234375 0.0546875 0.0640625
6 0.571875 0.43515625 0.05625 0.065625
22 0.4234375 0.3984375 0.053125 0.059375
18 0.77578125 0.484375 0.05625 0.0640625
19 0.62421875 0.44453125 0.05625 0.065625
19 0.67578125 0.45546875 0.0546875 0.0625
22 0.475 0.40546875 0.0515625 0.0578125
22 0.375 0.38671875 0.053125 0.0578125
19 0.72421875 0.471875 0.0484375 0.0609375
22 0.32109375 0.3734375 0.053125 0.0578125
18 0.82578125 0.496875 0.0515625 0.0546875
18 0.87734375 0.50390625 0.0546875 0.0578125