12 0.88984375 0.53984375 0.0625 0.0734375
12 0.2296875 0.6390625 0.05625 0.0703125
41 0.1796875 0.65 0.059375 0.0703125
37 0.659375 0.57265625 0.0578125 0.071875
34 0.6046875 0.5828125 0.053125 0.065625
11 0.8328125 0.54765625 0.0578125 0.0703125
38 0.071875 0.6625 0.0671875 0.071875
9 0.44296875 0.60625 0.05625 0.06875
9 0.496875 0.5953125 0.0546875 0.0671875
34 0.55 0.590625 0.0546875 0.065625
13 0.95078125 0.52734375 0.0640625 0.075
29 0.1234375 0.6546875 0.05625 0.0703125
37 0.77265625 0.55546875 0.0578125 0.0703125
37 0.7171875 0.5640625 0.059375 0.071875
14 0.33125 0.625 0.0546875 0.06875
9 0.3890625 0.6125 0.0546875 0.0671875
13 0.27890625 0.6328125 0.05625 0.06875