31 0.609375 0.4234375 0.0625 0.0734375
31 0.66875 0.4109375 0.0625 0.0734375
34 0.72890625 0.39765625 0.0625 0.0734375
34 0.79453125 0.384375 0.0625 0.0734375
7 0.37890625 0.4671875 0.0578125 0.0703125
34 0.8546875 0.371875 0.0609375 0.071875
33 0.55 0.43515625 0.059375 0.071875
33 0.43515625 0.4578125 0.05625 0.06875
7 0.32265625 0.47890625 0.059375 0.0703125
33 0.4921875 0.446875 0.0578125 0.071875
0 0.2671875 0.490625 0.0578125 0.0703125
0 0.209375 0.5015625 0.0625 0.0734375
0 0.15546875 0.5125 0.059375 0.075
41 0.10234375 0.52265625 0.0640625 0.0734375