12 0.303125 0.3859375 0.0546875 0.06875
16 0.40703125 0.40859375 0.0546875 0.06875
12 0.19765625 0.3640625 0.0546875 0.06875
16 0.35625 0.39765625 0.0546875 0.06875
16 0.45859375 0.41953125 0.0546875 0.06875
4 0.81640625 0.4875 0.05625 0.0671875
4 0.9203125 0.5109375 0.065625 0.0703125
16 0.51171875 0.4296875 0.0515625 0.0671875
13 0.7640625 0.47578125 0.0578125 0.06875
4 0.8640625 0.4984375 0.05625 0.065625
12 0.25 0.37578125 0.0546875 0.0703125
13 0.71484375 0.46796875 0.0546875 0.0703125
30 0.1453125 0.35234375 0.0609375 0.06875
27 0.090625 0.33984375 0.059375 0.071875
0 0.56015625 0.43828125 0.05625 0.0703125
0 0.6125 0.44609375 0.053125 0.0640625
0 0.66328125 0.4578125 0.0578125 0.0671875