18 0.86953125 0.55 0.071875 0.103125
31 0.45625 0.46328125 0.0703125 0.1140625
35 0.17109375 0.4 0.0671875 0.1078125
34 0.340625 0.43828125 0.06875 0.1171875
31 0.4 0.4484375 0.0703125 0.1171875
34 0.28359375 0.42421875 0.06875 0.1140625
35 0.2265625 0.4125 0.0703125 0.109375
32 0.63125 0.49375 0.0640625 0.090625
37 0.57109375 0.4890625 0.071875 0.1203125
37 0.5140625 0.47421875 0.0703125 0.1203125
18 0.928125 0.5640625 0.075 0.1125
2 0.80859375 0.53828125 0.078125 0.115625
2 0.75234375 0.52421875 0.0703125 0.109375
32 0.69296875 0.51015625 0.0671875 0.0953125
39 0.1078125 0.390625 0.078125 0.1234375