5 0.8125 0.4359375 0.06875 0.0859375
4 0.746875 0.4265625 0.0640625 0.084375
8 0.37421875 0.39609375 0.0546875 0.0796875
8 0.43359375 0.40234375 0.059375 0.0796875
8 0.315625 0.390625 0.0578125 0.0796875
6 0.88359375 0.43515625 0.0671875 0.084375
2 0.5546875 0.415625 0.0609375 0.0828125
3 0.68203125 0.42578125 0.0640625 0.0859375
2 0.61796875 0.41953125 0.0625 0.0828125
6 0.95078125 0.4375 0.06875 0.084375
2 0.49296875 0.4109375 0.05625 0.08125
7 0.2546875 0.38671875 0.05625 0.0796875
7 0.140625 0.37890625 0.0578125 0.0765625
7 0.19609375 0.38203125 0.0578125 0.0765625
41 0.0796875 0.3734375 0.0671875 0.0796875