1 0.25234375 0.3953125 0.0390625 0.0578125
1 0.15 0.38828125 0.04375 0.0609375
1 0.2 0.38828125 0.040625 0.0578125
6 0.51015625 0.42109375 0.046875 0.059375
6 0.5609375 0.42421875 0.0484375 0.059375
22 0.40859375 0.41171875 0.0453125 0.0546875
18 0.76953125 0.44140625 0.0484375 0.0578125
19 0.6140625 0.42578125 0.0484375 0.059375
19 0.66640625 0.42890625 0.046875 0.05625
22 0.4609375 0.41015625 0.04375 0.053125
22 0.359375 0.4078125 0.046875 0.053125
19 0.71640625 0.43671875 0.040625 0.05625
22 0.303125 0.403125 0.046875 0.053125
18 0.82109375 0.4453125 0.0453125 0.05
18 0.8734375 0.44453125 0.046875 0.053125