31 0.63046875 0.4703125 0.0640625 0.075
31 0.690625 0.48046875 0.0640625 0.075
34 0.75 0.490625 0.0640625 0.075
34 0.81640625 0.503125 0.0640625 0.075
7 0.4 0.42421875 0.0609375 0.071875
34 0.87734375 0.5140625 0.0625 0.0734375
33 0.5703125 0.45859375 0.0609375 0.071875
33 0.45625 0.43671875 0.059375 0.0703125
7 0.34375 0.4140625 0.0609375 0.071875
33 0.5125 0.44765625 0.059375 0.071875
0 0.28828125 0.40390625 0.0609375 0.071875
0 0.2296875 0.3921875 0.0640625 0.075
0 0.17578125 0.38203125 0.0609375 0.075
41 0.1234375 0.371875 0.065625 0.075