12 0.52265625 0.49296875 0.0625 0.075
12 0.63515625 0.47109375 0.0609375 0.0734375
12 0.578125 0.48203125 0.0625 0.075
1 0.6953125 0.459375 0.05625 0.0734375
1 0.7515625 0.4484375 0.059375 0.0734375
9 0.1796875 0.5609375 0.0703125 0.0765625
3 0.80703125 0.4375 0.0671875 0.075
3 0.865625 0.42578125 0.06875 0.0765625
8 0.40703125 0.5171875 0.065625 0.0765625
9 0.23671875 0.55078125 0.071875 0.0796875
3 0.92421875 0.4125 0.0765625 0.0796875
8 0.35 0.52734375 0.071875 0.078125
29 0.121875 0.5734375 0.0703125 0.075
8 0.46171875 0.50546875 0.065625 0.075
39 0.06484375 0.58203125 0.0671875 0.0765625
9 0.2921875 0.5390625 0.065625 0.0765625