12 0.0625 0.37265625 0.071875 0.084375
12 0.12578125 0.3828125 0.071875 0.084375
12 0.19140625 0.39375 0.0703125 0.084375
31 0.66796875 0.4765625 0.071875 0.0875
31 0.73828125 0.4890625 0.0734375 0.0890625
31 0.809375 0.50078125 0.0703125 0.0859375
35 0.884375 0.515625 0.0671875 0.084375
22 0.39140625 0.428125 0.065625 0.071875
22 0.32578125 0.4171875 0.0671875 0.0734375
22 0.2578125 0.4046875 0.065625 0.0734375
35 0.95546875 0.52734375 0.0625 0.078125
33 0.5265625 0.453125 0.0671875 0.08125
33 0.45859375 0.43984375 0.0640625 0.078125
33 0.59765625 0.465625 0.0671875 0.0828125