5 0.4828125 0.45546875 0.0640625 0.0859375
5 0.5484375 0.46171875 0.0640625 0.0859375
1 0.16875 0.42734375 0.053125 0.08125
34 0.81640625 0.4828125 0.05625 0.0828125
34 0.884375 0.48828125 0.059375 0.0828125
8 0.74921875 0.47734375 0.0703125 0.0875
2 0.2265625 0.43359375 0.0625 0.0828125
6 0.6140625 0.46796875 0.0671875 0.0859375
7 0.68203125 0.471875 0.065625 0.0859375
34 0.95390625 0.4953125 0.05625 0.0828125
31 0.290625 0.4359375 0.059375 0.0765625
31 0.41953125 0.44921875 0.059375 0.0796875
39 0.04609375 0.41640625 0.065625 0.0796875
31 0.35546875 0.44296875 0.0625 0.08125
0 0.1078125 0.421875 0.0640625 0.0828125