21 0.42734375 0.5609375 0.053125 0.0609375
23 0.74453125 0.54140625 0.0546875 0.0671875
21 0.375 0.565625 0.0546875 0.0625
21 0.4796875 0.5578125 0.0546875 0.0609375
23 0.7984375 0.5375 0.0546875 0.0671875
26 0.91640625 0.53046875 0.06875 0.0703125
35 0.271875 0.57265625 0.046875 0.059375
26 0.85625 0.53671875 0.0625 0.06875
23 0.69296875 0.54375 0.0546875 0.0671875
35 0.31953125 0.5703125 0.046875 0.0578125
19 0.634375 0.5484375 0.05 0.0640625
41 0.1734375 0.5765625 0.05625 0.0625
19 0.58359375 0.5484375 0.0515625 0.0625
19 0.5296875 0.5515625 0.04375 0.0609375
35 0.221875 0.575 0.046875 0.0640625
30 0.11953125 0.5796875 0.0625 0.0625