12 0.2765625 0.46015625 0.053125 0.0671875
16 0.38125 0.44609375 0.053125 0.06875
12 0.16953125 0.47578125 0.053125 0.0671875
16 0.3296875 0.453125 0.053125 0.0671875
16 0.43359375 0.43828125 0.053125 0.0671875
4 0.79296875 0.38046875 0.0546875 0.065625
4 0.89921875 0.36640625 0.0640625 0.06875
16 0.4875 0.4296875 0.05 0.0671875
13 0.73984375 0.38671875 0.05625 0.0671875
4 0.84140625 0.37421875 0.0546875 0.0640625
12 0.22265625 0.46875 0.053125 0.06875
13 0.690625 0.39609375 0.053125 0.06875
30 0.115625 0.4828125 0.059375 0.0671875
27 0.0609375 0.48984375 0.0578125 0.0703125
0 0.5359375 0.421875 0.0546875 0.06875
0 0.5875 0.4109375 0.0515625 0.0625
0 0.6390625 0.4046875 0.05625 0.065625