12 0.04375 0.50546875 0.075 0.0875
12 0.1078125 0.49765625 0.075 0.0875
12 0.1734375 0.48828125 0.0734375 0.0859375
31 0.65390625 0.428125 0.075 0.090625
31 0.725 0.4203125 0.0765625 0.090625
31 0.79609375 0.41015625 0.0734375 0.0890625
35 0.87265625 0.40234375 0.0703125 0.0875
22 0.375 0.46328125 0.06875 0.075
22 0.309375 0.471875 0.0703125 0.075
22 0.23984375 0.4796875 0.06875 0.0765625
35 0.94375 0.39296875 0.0671875 0.08125
33 0.5109375 0.446875 0.071875 0.084375
33 0.44296875 0.4546875 0.06875 0.08125
33 0.58359375 0.43828125 0.0703125 0.0859375