5 0.4703125 0.4625 0.0734375 0.0921875
5 0.5359375 0.44921875 0.071875 0.090625
1 0.16171875 0.52734375 0.0625 0.0859375
34 0.79765625 0.39140625 0.065625 0.0875
34 0.8640625 0.3765625 0.06875 0.0875
8 0.73125 0.40546875 0.0796875 0.09375
2 0.21953125 0.51640625 0.071875 0.0875
6 0.6 0.4359375 0.075 0.0921875
7 0.665625 0.4203125 0.0734375 0.0921875
34 0.9328125 0.3625 0.065625 0.0875
31 0.28125 0.5 0.0671875 0.08125
31 0.40859375 0.475 0.0671875 0.084375
39 0.04140625 0.55234375 0.0734375 0.0859375
31 0.34453125 0.4875 0.0703125 0.0859375
0 0.1015625 0.53984375 0.071875 0.0890625