20 0.71875 0.39921875 0.0546875 0.0640625
20 0.77890625 0.3984375 0.053125 0.0640625
20 0.48671875 0.396875 0.046875 0.059375
34 0.8390625 0.40078125 0.0515625 0.0640625
34 0.90234375 0.4 0.0515625 0.0640625
18 0.37421875 0.39453125 0.053125 0.0609375
26 0.6 0.39765625 0.0546875 0.0625
23 0.2671875 0.39453125 0.0453125 0.059375
22 0.215625 0.39296875 0.05 0.05625
24 0.31640625 0.39375 0.0484375 0.0625
26 0.54296875 0.39765625 0.053125 0.0625
26 0.65859375 0.39765625 0.05625 0.0625
34 0.96796875 0.39921875 0.05 0.0625
41 0.16328125 0.39609375 0.05 0.0625
19 0.43046875 0.39765625 0.046875 0.0609375
30 0.109375 0.39453125 0.0484375 0.0609375
27 0.05859375 0.38984375 0.05 0.0609375