6 0.3421875 0.46953125 0.0578125 0.06875
5 0.78359375 0.57109375 0.0625 0.06875
5 0.8828125 0.590625 0.065625 0.0671875
31 0.440625 0.48828125 0.053125 0.0625
31 0.48984375 0.5015625 0.0546875 0.0640625
6 0.24921875 0.4421875 0.0609375 0.06875
6 0.29375 0.4578125 0.0578125 0.06875
31 0.39296875 0.4796875 0.0546875 0.0625
5 0.83359375 0.58203125 0.0625 0.06875
2 0.63671875 0.53515625 0.0546875 0.065625
2 0.73515625 0.5609375 0.0578125 0.06875
2 0.68515625 0.55 0.05625 0.0671875
0 0.584375 0.52734375 0.05625 0.0703125
0 0.53671875 0.51796875 0.0578125 0.0734375