17 0.12734375 0.575 0.0734375 0.096875
17 0.18671875 0.5609375 0.071875 0.0953125
21 0.24375 0.53671875 0.0671875 0.0875
35 0.78359375 0.41640625 0.0546875 0.0734375
35 0.73671875 0.421875 0.053125 0.075
35 0.69453125 0.428125 0.053125 0.075
11 0.51015625 0.48359375 0.0609375 0.084375
21 0.35546875 0.51328125 0.0640625 0.084375
21 0.29765625 0.5265625 0.0671875 0.0875
13 0.60546875 0.45703125 0.0578125 0.0828125
13 0.55546875 0.46796875 0.059375 0.084375
13 0.65234375 0.44453125 0.0578125 0.0828125
32 0.7859375 0.0140625 0.0625 0.028125
11 0.45546875 0.484375 0.0609375 0.0859375
11 0.40546875 0.50234375 0.0640625 0.0875
15 0.871875 0.0421875 0.06875 0.06875
15 0.8484375 0.01015625 0.06875 0.0203125
32 0.81328125 0.04296875 0.0640625 0.0578125
32 0.44140625 0.05703125 0.0609375 0.075