21 0.61484375 0.47578125 0.0515625 0.065625
21 0.51484375 0.4875 0.0515625 0.0625
21 0.46640625 0.49453125 0.05 0.0609375
21 0.565625 0.48203125 0.0515625 0.065625
23 0.2109375 0.528125 0.053125 0.065625
23 0.2625 0.52265625 0.0515625 0.06875
23 0.15859375 0.53671875 0.053125 0.06875
19 0.41640625 0.5046875 0.046875 0.0640625
39 0.10546875 0.54296875 0.0609375 0.06875
25 0.8203125 0.4515625 0.053125 0.0703125
19 0.365625 0.51015625 0.0515625 0.065625
20 0.66484375 0.4625 0.0546875 0.06875
25 0.87109375 0.440625 0.0546875 0.0734375
19 0.31171875 0.51953125 0.0484375 0.065625
20 0.76953125 0.45703125 0.05625 0.06875
20 0.7203125 0.4625 0.059375 0.075