20 0.18984375 0.440625 0.2109375 0.1296875
22 0.625 0.5546875 0.2109375 0.13125
8 0.84453125 0.6796875 0.21875 0.1328125
31 0.18359375 0.31796875 0.2 0.125
36 0.40625 0.5609375 0.2078125 0.115625
25 0.6171875 0.4328125 0.2140625 0.1265625
9 0.19375 0.56171875 0.215625 0.13125
25 0.61328125 0.3078125 0.215625 0.1296875
8 0.39296875 0.309375 0.203125 0.109375
24 0.83359375 0.29453125 0.1984375 0.1140625
24 0.1890625 0.68828125 0.2046875 0.115625
2 0.40546875 0.6859375 0.2046875 0.115625
16 0.62578125 0.68203125 0.209375 0.1171875
15 0.40078125 0.43515625 0.1984375 0.1203125
11 0.83671875 0.42265625 0.2 0.1140625
8 0.84375 0.55 0.209375 0.115625
8 0.84609375 0.68125 0.203125 0.1125