20 0.21328125 0.3671875 0.2328125 0.1703125
22 0.60859375 0.58359375 0.2328125 0.171875
8 0.790625 0.7578125 0.240625 0.1734375
31 0.23671875 0.246875 0.2203125 0.1640625
36 0.39453125 0.53671875 0.2265625 0.15625
25 0.6296875 0.46328125 0.234375 0.16875
9 0.18828125 0.4859375 0.2375 0.1734375
25 0.65625 0.34140625 0.2375 0.171875
8 0.4421875 0.2890625 0.2203125 0.1484375
24 0.8734375 0.38203125 0.2171875 0.1515625
24 0.153125 0.6078125 0.2234375 0.15625
2 0.36328125 0.6578125 0.2234375 0.15625
16 0.578125 0.70703125 0.228125 0.15625
15 0.41875 0.41328125 0.21875 0.159375
11 0.8453125 0.50703125 0.21875 0.153125
8 0.821875 0.63203125 0.228125 0.15625
8 0.7921875 0.76015625 0.2203125 0.1515625