18 0.6453125 0.68125 0.1953125 0.1453125
35 0.8234375 0.72734375 0.19375 0.1453125
20 0.521875 0.4296875 0.175 0.1390625
25 0.16484375 0.334375 0.1953125 0.146875
17 0.31171875 0.478125 0.1953125 0.14375
26 0.69453125 0.471875 0.1890625 0.1375
12 0.72265625 0.36953125 0.19375 0.1484375
19 0.67265625 0.578125 0.190625 0.1390625
23 0.84921875 0.61953125 0.1828125 0.128125
21 0.29375 0.5828125 0.1796875 0.128125
16 0.1875 0.22734375 0.190625 0.1359375
15 0.36328125 0.27578125 0.1921875 0.1390625
17 0.54296875 0.3203125 0.184375 0.1359375
12 0.87890625 0.5171875 0.1875 0.125
7 0.9 0.41328125 0.1859375 0.13125
32 0.33984375 0.378125 0.1828125 0.1296875
41 0.1375 0.43359375 0.1765625 0.1234375
40 0.1125 0.53515625 0.178125 0.1265625
33 0.4640625 0.6328125 0.1859375 0.128125
21 0.48984375 0.528125 0.175 0.121875