25 0.28984375 0.41953125 0.221875 0.1375
29 0.75859375 0.56328125 0.2140625 0.1203125
32 0.28671875 0.55546875 0.2296875 0.1421875
31 0.27734375 0.690625 0.2328125 0.1421875
13 0.525 0.28984375 0.2328125 0.13125
14 0.28515625 0.28359375 0.2203125 0.121875
8 0.75625 0.29296875 0.209375 0.1265625
3 0.51953125 0.42421875 0.2171875 0.1203125
5 0.52109375 0.5578125 0.2203125 0.125
13 0.52109375 0.6953125 0.2140625 0.1265625
10 0.7609375 0.696875 0.2171875 0.121875
23 0.759375 0.43046875 0.2140625 0.1109375