18 0.6796875 0.646875 0.1796875 0.1125
35 0.86328125 0.65546875 0.178125 0.1125
20 0.50703125 0.4265625 0.1578125 0.1109375
25 0.13828125 0.4078125 0.1796875 0.115625
17 0.3109375 0.5171875 0.1796875 0.1109375
26 0.684375 0.43203125 0.175 0.10625
12 0.690625 0.32578125 0.178125 0.1171875
19 0.68515625 0.53984375 0.175 0.1078125
23 0.86640625 0.54453125 0.1703125 0.096875
21 0.31484375 0.62421875 0.1671875 0.0984375
16 0.1375 0.2984375 0.1765625 0.1046875
15 0.31953125 0.309375 0.178125 0.10625
17 0.5046875 0.315625 0.1703125 0.1046875
12 0.87421875 0.43828125 0.175 0.09375
7 0.8734375 0.33203125 0.1734375 0.1
32 0.31796875 0.4140625 0.1703125 0.0984375
41 0.13203125 0.51015625 0.1640625 0.0921875
40 0.12890625 0.61484375 0.165625 0.096875
33 0.49296875 0.6375 0.1734375 0.096875
21 0.49609375 0.5296875 0.1625 0.0921875