14 0.47109375 0.7625 0.1890625 0.1921875
15 0.3203125 0.40234375 0.1828125 0.1765625
25 0.65703125 0.7734375 0.1828125 0.1921875
40 0.49375 0.4109375 0.1796875 0.175
17 0.67421875 0.25546875 0.1703125 0.1703125
23 0.31015625 0.5703125 0.1875 0.1859375
16 0.66015625 0.60078125 0.1796875 0.1859375
4 0.48203125 0.5796875 0.1859375 0.184375
19 0.50234375 0.2421875 0.1734375 0.1671875
4 0.66875 0.4203125 0.18125 0.1765625
3 0.33359375 0.234375 0.1796875 0.165625
13 0.28828125 0.74453125 0.190625 0.1953125