8 0.6765625 0.578125 0.1734375 0.1765625
0 0.36171875 0.240625 0.1671875 0.1625
37 0.67578125 0.74140625 0.1765625 0.1796875
15 0.52421875 0.41015625 0.171875 0.16875
14 0.68515625 0.41484375 0.1734375 0.171875
7 0.51640625 0.5671875 0.1765625 0.1734375
10 0.3359375 0.71796875 0.1796875 0.18125
35 0.3578125 0.39765625 0.165625 0.1671875
7 0.346875 0.5546875 0.175 0.1734375
12 0.6921875 0.2625 0.1671875 0.165625
14 0.50703125 0.73046875 0.178125 0.1828125
33 0.53359375 0.24921875 0.1640625 0.1609375