34 0.91796875 0.715625 0.0546875 0.065625
39 0.134375 0.55234375 0.059375 0.065625
17 0.390625 0.60546875 0.053125 0.0625
26 0.490625 0.625 0.05625 0.0625
31 0.54296875 0.6375 0.0546875 0.065625
18 0.44140625 0.61484375 0.0515625 0.0625
38 0.0328125 0.5265625 0.065625 0.06875
36 0.5953125 0.6484375 0.053125 0.0625
9 0.334375 0.59375 0.05625 0.0640625
32 0.7578125 0.68203125 0.053125 0.0578125
27 0.08125 0.5390625 0.05625 0.065625
37 0.865625 0.7046875 0.0640625 0.065625
28 0.18203125 0.56484375 0.0515625 0.0640625
8 0.2859375 0.584375 0.059375 0.065625
30 0.2375 0.57421875 0.0546875 0.065625
35 0.70234375 0.67421875 0.0515625 0.0609375
32 0.80859375 0.6953125 0.0546875 0.0578125
33 0.64765625 0.66171875 0.0515625 0.059375