6 0.2296875 0.65546875 0.228125 0.1609375
19 0.89609375 0.621875 0.2078125 0.16875
34 0.44140625 0.603125 0.2359375 0.175
11 0.19609375 0.53671875 0.2390625 0.178125
1 0.378125 0.36015625 0.221875 0.159375
6 0.8125 0.25078125 0.234375 0.1625
17 0.475 0.728125 0.2375 0.175
5 0.625 0.4296875 0.234375 0.1734375
14 0.8421875 0.3734375 0.228125 0.1625
17 0.16171875 0.40859375 0.228125 0.1625
7 0.5953125 0.30625 0.221875 0.15
39 0.4078125 0.48203125 0.2203125 0.15
4 0.6578125 0.5515625 0.215625 0.1546875
12 0.87109375 0.4984375 0.2171875 0.15625
2 0.2578125 0.78203125 0.2109375 0.1359375
13 0.6875 0.67734375 0.2140625 0.153125