3 0.60078125 0.515625 0.2203125 0.15
1 0.3546875 0.2921875 0.225 0.1546875
33 0.1375 0.3203125 0.23125 0.1546875
23 0.36875 0.41640625 0.2234375 0.146875
0 0.84375 0.6078125 0.2234375 0.15
10 0.78671875 0.22890625 0.21875 0.1359375
34 0.80234375 0.35390625 0.2109375 0.1328125
32 0.81875 0.48046875 0.2140625 0.1359375
7 0.565625 0.26015625 0.2109375 0.1359375
4 0.153125 0.44609375 0.215625 0.1359375
1 0.1703125 0.57109375 0.215625 0.1265625
5 0.3859375 0.54296875 0.203125 0.134375
23 0.36484375 0.4203125 0.2015625 0.1328125
23 0.58203125 0.3890625 0.20625 0.1328125
14 0.19140625 0.6953125 0.2078125 0.125
2 0.4078125 0.6703125 0.2046875 0.1328125
3 0.6234375 0.63671875 0.20625 0.1265625