3 0.596875 0.5328125 0.209375 0.1296875
1 0.39296875 0.2703125 0.2140625 0.134375
33 0.1734375 0.26015625 0.2203125 0.1328125
23 0.38515625 0.3953125 0.2125 0.1265625
0 0.8203125 0.665625 0.2125 0.128125
10 0.8296875 0.2828125 0.209375 0.1140625
34 0.82265625 0.40859375 0.2015625 0.1125
32 0.81796875 0.5359375 0.2046875 0.115625
7 0.60625 0.27578125 0.2015625 0.115625
4 0.16796875 0.38671875 0.20625 0.115625
1 0.16328125 0.5125 0.20625 0.10625
5 0.38046875 0.52265625 0.19375 0.115625
23 0.38046875 0.3984375 0.1921875 0.1140625
23 0.6 0.4046875 0.196875 0.1125
14 0.1625 0.6390625 0.2 0.1046875
2 0.3796875 0.6515625 0.1953125 0.1140625
3 0.59765625 0.65546875 0.196875 0.10625