18 0.78125 0.23671875 0.24375 0.178125
2 0.8109375 0.36953125 0.2375 0.159375
36 0.6609375 0.67421875 0.2453125 0.178125
34 0.621875 0.54921875 0.2453125 0.1765625
35 0.1203125 0.40390625 0.2328125 0.1703125
22 0.16015625 0.53125 0.2359375 0.171875
22 0.8796875 0.62578125 0.240625 0.1796875
24 0.44140625 0.72578125 0.2453125 0.1765625
36 0.18359375 0.6515625 0.2265625 0.15625
21 0.3984375 0.603125 0.2359375 0.1734375
26 0.3640625 0.47578125 0.2265625 0.1546875
11 0.21484375 0.7796875 0.2390625 0.171875
19 0.5875 0.42578125 0.225 0.1625
33 0.33203125 0.353125 0.2375 0.1625
15 0.84375 0.49375 0.228125 0.15625
0 0.55078125 0.2953125 0.215625 0.15