18 0.86640625 0.38046875 0.2421875 0.1734375
2 0.83671875 0.51328125 0.2359375 0.15625
36 0.571875 0.72578125 0.24375 0.175
34 0.58984375 0.596875 0.24375 0.1734375
35 0.19609375 0.25234375 0.23125 0.1671875
22 0.17890625 0.384375 0.234375 0.16875
22 0.79609375 0.7765625 0.25 0.1765625
24 0.3515625 0.68046875 0.24375 0.1734375
36 0.14921875 0.50390625 0.225 0.153125
21 0.36484375 0.55 0.234375 0.1703125
26 0.38671875 0.42109375 0.225 0.1515625
11 0.1234375 0.63359375 0.2375 0.16875
19 0.61015625 0.46953125 0.2234375 0.159375
33 0.41015625 0.29609375 0.2359375 0.159375
15 0.81484375 0.63984375 0.2265625 0.153125
0 0.63203125 0.3359375 0.215625 0.1484375