18 0.87890625 0.66875 0.2265625 0.1484375
35 0.41796875 0.73359375 0.25 0.1671875
36 0.5921875 0.29453125 0.240625 0.1640625
24 0.3671875 0.46875 0.2453125 0.165625
32 0.628125 0.56796875 0.2375 0.1546875
5 0.8609375 0.5359375 0.234375 0.1484375
19 0.18671875 0.7640625 0.234375 0.1625
21 0.38515625 0.6015625 0.23125 0.153125
1 0.8453125 0.4 0.2484375 0.1703125
22 0.82421875 0.26171875 0.24375 0.1625
7 0.60078125 0.4359375 0.246875 0.1625
34 0.1140625 0.3609375 0.2234375 0.14375
15 0.35390625 0.3265625 0.2296875 0.1421875
9 0.1328125 0.49609375 0.228125 0.146875
33 0.15625 0.63125 0.23125 0.1453125
20 0.64453125 0.7 0.221875 0.1515625