18 0.86640625 0.69453125 0.2203125 0.134375
35 0.4015625 0.7265625 0.2421875 0.1515625
36 0.60625 0.3015625 0.2328125 0.15
24 0.36953125 0.46015625 0.2375 0.1515625
32 0.62265625 0.5765625 0.2296875 0.140625
5 0.8578125 0.5609375 0.228125 0.134375
19 0.16953125 0.74140625 0.2265625 0.1484375
21 0.378125 0.59296875 0.2234375 0.1390625
1 0.85078125 0.42421875 0.240625 0.1546875
22 0.83984375 0.28515625 0.2375 0.146875
7 0.6046875 0.44296875 0.2390625 0.146875
34 0.125 0.334375 0.2171875 0.1296875
15 0.36640625 0.31640625 0.2234375 0.1265625
9 0.13359375 0.47109375 0.221875 0.1328125
33 0.14765625 0.60703125 0.225 0.13125
20 0.63046875 0.709375 0.2140625 0.1375