37 0.59765625 0.58984375 0.196875 0.1125
37 0.38125 0.7140625 0.2015625 0.1109375
12 0.596875 0.71484375 0.209375 0.1125
28 0.153125 0.584375 0.2140625 0.134375
11 0.596875 0.334375 0.2046875 0.115625
9 0.59609375 0.4625 0.1921875 0.109375
26 0.81484375 0.4625 0.2140625 0.1140625
13 0.1484375 0.32890625 0.2140625 0.1203125
20 0.81796875 0.58984375 0.2046875 0.109375
30 0.82109375 0.3375 0.20625 0.1078125
4 0.37109375 0.3328125 0.2046875 0.1046875
31 0.37890625 0.4578125 0.1921875 0.1015625
0 0.14921875 0.459375 0.1953125 0.103125
16 0.3703125 0.5859375 0.2015625 0.1109375
9 0.8140625 0.71484375 0.196875 0.1
4 0.15390625 0.7109375 0.2046875 0.109375