37 0.5765625 0.60859375 0.215625 0.15
37 0.3390625 0.68515625 0.21875 0.15
12 0.55 0.73046875 0.2265625 0.153125
28 0.14296875 0.5109375 0.2359375 0.175
11 0.62890625 0.3578125 0.2234375 0.1546875
9 0.6015625 0.48359375 0.209375 0.146875
26 0.815625 0.52890625 0.23125 0.15625
13 0.19140625 0.259375 0.2328125 0.1625
20 0.7921875 0.65390625 0.221875 0.1484375
30 0.84765625 0.4078125 0.2234375 0.1484375
4 0.40859375 0.309375 0.2203125 0.14375
31 0.38984375 0.43359375 0.2078125 0.1390625
0 0.16484375 0.3875 0.2109375 0.140625
16 0.35546875 0.55703125 0.21875 0.15
9 0.7625 0.77578125 0.2125 0.1375
4 0.11796875 0.634375 0.221875 0.15