20 0.81328125 0.6390625 0.06875 0.0734375
20 0.75859375 0.62421875 0.0625 0.0703125
34 0.59453125 0.5796875 0.059375 0.06875
34 0.4890625 0.55234375 0.0578125 0.0703125
20 0.86953125 0.65390625 0.0703125 0.075
34 0.54375 0.5640625 0.0546875 0.0671875
14 0.11484375 0.45078125 0.0640625 0.0734375
32 0.3828125 0.52109375 0.0578125 0.06875
14 0.1671875 0.46328125 0.0609375 0.0703125
37 0.65 0.59296875 0.0609375 0.071875
14 0.27421875 0.4921875 0.0578125 0.06875
32 0.4390625 0.53515625 0.0578125 0.0671875
32 0.32890625 0.50625 0.0609375 0.0703125
37 0.70390625 0.60859375 0.0625 0.071875
30 0.0609375 0.43515625 0.06875 0.075
14 0.22109375 0.48046875 0.0578125 0.06875