20 0.83125 0.58828125 0.0609375 0.0671875
20 0.775 0.58203125 0.0546875 0.0640625
34 0.60546875 0.5640625 0.0515625 0.0625
34 0.49765625 0.553125 0.0484375 0.065625
20 0.8890625 0.59453125 0.0625 0.0671875
34 0.553125 0.55625 0.0453125 0.0625
14 0.11171875 0.51171875 0.0546875 0.0671875
32 0.3875 0.5390625 0.05 0.0625
14 0.165625 0.51640625 0.053125 0.0640625
37 0.6625 0.56796875 0.0515625 0.065625
14 0.27578125 0.52734375 0.05 0.0640625
32 0.4453125 0.54453125 0.05 0.0609375
32 0.33203125 0.5328125 0.0515625 0.0640625
37 0.71875 0.57578125 0.053125 0.0671875
30 0.05625 0.5046875 0.059375 0.06875
14 0.221875 0.52421875 0.0484375 0.0640625