12 0.58359375 0.49765625 0.0578125 0.0703125
16 0.33359375 0.56015625 0.0578125 0.06875
16 0.4828125 0.51953125 0.053125 0.0640625
11 0.53515625 0.50859375 0.0546875 0.065625
13 0.63671875 0.490625 0.053125 0.0671875
39 0.17890625 0.5921875 0.0671875 0.071875
14 0.23125 0.57890625 0.053125 0.065625
14 0.38515625 0.54921875 0.0578125 0.06875
33 0.8421875 0.45 0.0484375 0.0546875
33 0.8921875 0.4359375 0.0484375 0.05625
35 0.7359375 0.46796875 0.0515625 0.0609375
15 0.43671875 0.53828125 0.053125 0.0671875
35 0.684375 0.47734375 0.0515625 0.0625
15 0.28125 0.56953125 0.05625 0.0671875
35 0.78828125 0.4625 0.0515625 0.0578125
27 0.12734375 0.5984375 0.0546875 0.065625