17 0.44375 0.4265625 0.05625 0.0734375
17 0.62421875 0.41328125 0.059375 0.075
17 0.2703125 0.440625 0.053125 0.071875
16 0.3828125 0.42890625 0.0546875 0.071875
31 0.95234375 0.390625 0.0671875 0.0796875
15 0.3265625 0.4328125 0.053125 0.0734375
15 0.50078125 0.41796875 0.053125 0.0734375
31 0.884375 0.3953125 0.0625 0.078125
16 0.5578125 0.41796875 0.0578125 0.0734375
16 0.2140625 0.4421875 0.0515625 0.0703125
32 0.81875 0.4 0.0625 0.0765625
32 0.74921875 0.4046875 0.059375 0.0734375
32 0.68515625 0.409375 0.0625 0.078125
29 0.05234375 0.453125 0.046875 0.06875
29 0.1046875 0.45 0.059375 0.0734375
15 0.15859375 0.4453125 0.0484375 0.065625