12 0.58203125 0.51484375 0.046875 0.0625
16 0.325 0.52421875 0.046875 0.0609375
16 0.47890625 0.51484375 0.0421875 0.05625
11 0.53203125 0.515625 0.04375 0.059375
13 0.63515625 0.51953125 0.0421875 0.059375
39 0.16640625 0.5234375 0.05625 0.0625
14 0.2203125 0.52109375 0.0421875 0.0578125
14 0.378125 0.52421875 0.046875 0.059375
33 0.8453125 0.521875 0.040625 0.046875
33 0.896875 0.51875 0.0390625 0.0484375
35 0.73671875 0.51796875 0.0421875 0.0546875
15 0.43046875 0.525 0.0421875 0.059375
35 0.684375 0.51640625 0.0421875 0.0546875
15 0.27109375 0.52265625 0.0453125 0.059375
35 0.78984375 0.5234375 0.0421875 0.0515625
27 0.11484375 0.51953125 0.0453125 0.0578125