17 0.4359375 0.4328125 0.0625 0.0765625
17 0.6140625 0.40078125 0.065625 0.0796875
17 0.265625 0.46484375 0.059375 0.0765625
16 0.3765625 0.44140625 0.0609375 0.0765625
31 0.93828125 0.34375 0.0734375 0.0859375
15 0.3203125 0.4515625 0.059375 0.078125
15 0.4921875 0.41796875 0.059375 0.078125
31 0.87109375 0.35546875 0.06875 0.0828125
16 0.54921875 0.4125 0.0640625 0.078125
16 0.209375 0.471875 0.0578125 0.0734375
32 0.80703125 0.3671875 0.06875 0.08125
32 0.7375 0.37890625 0.065625 0.078125
32 0.67421875 0.390625 0.06875 0.0828125
29 0.04921875 0.5 0.0515625 0.071875
29 0.10234375 0.49140625 0.065625 0.078125
15 0.1546875 0.48125 0.0546875 0.0703125