34 0.68515625 0.37734375 0.05625 0.0734375
18 0.33046875 0.34609375 0.053125 0.0640625
26 0.2734375 0.3390625 0.05625 0.0671875
34 0.82109375 0.39609375 0.0546875 0.075
30 0.11328125 0.321875 0.059375 0.071875
34 0.75078125 0.38515625 0.0546875 0.071875
35 0.88984375 0.4015625 0.05625 0.071875
20 0.4421875 0.3578125 0.0515625 0.0734375
25 0.2171875 0.33125 0.0546875 0.0703125
35 0.959375 0.40859375 0.0546875 0.075
24 0.5015625 0.36171875 0.0546875 0.0765625
24 0.1671875 0.3265625 0.05625 0.0703125
24 0.56171875 0.3671875 0.05625 0.078125
24 0.62265625 0.37265625 0.05625 0.0765625
19 0.38515625 0.35078125 0.0546875 0.0734375