34 0.6734375 0.36171875 0.05625 0.071875
18 0.31796875 0.36171875 0.0515625 0.0625
26 0.2609375 0.359375 0.0546875 0.065625
34 0.81015625 0.36875 0.0546875 0.0734375
30 0.09921875 0.35625 0.059375 0.0703125
34 0.73984375 0.36328125 0.0546875 0.0703125
35 0.8796875 0.36796875 0.05625 0.0703125
20 0.43046875 0.36328125 0.0515625 0.0734375
25 0.203125 0.35625 0.053125 0.06875
35 0.94921875 0.36875 0.0546875 0.0734375
24 0.48984375 0.36171875 0.053125 0.075
24 0.153125 0.35625 0.0546875 0.06875
24 0.55 0.3625 0.05625 0.0765625
24 0.6109375 0.3625 0.05625 0.075
19 0.37265625 0.36171875 0.053125 0.071875