17 0.796875 0.51328125 0.0578125 0.071875
12 0.4796875 0.4484375 0.0546875 0.06875
17 0.85234375 0.52578125 0.0609375 0.0703125
12 0.58671875 0.471875 0.0546875 0.06875
12 0.5328125 0.4609375 0.053125 0.0671875
26 0.2578125 0.403125 0.0625 0.0671875
26 0.1453125 0.37890625 0.06875 0.06875
26 0.2046875 0.390625 0.0671875 0.06875
33 0.3140625 0.40859375 0.0484375 0.05625
33 0.36953125 0.421875 0.05 0.059375
14 0.74453125 0.5015625 0.05625 0.0703125
14 0.6375 0.48046875 0.053125 0.0671875
33 0.42734375 0.43515625 0.05 0.059375
14 0.690625 0.49296875 0.05625 0.06875