35 0.2734375 0.55859375 0.08125 0.14375
23 0.6296875 0.60546875 0.09375 0.1625
37 0.72421875 0.3765625 0.0828125 0.1421875
24 0.71953125 0.6046875 0.09375 0.15
37 0.6390625 0.371875 0.084375 0.1484375
32 0.36328125 0.5640625 0.084375 0.1421875
32 0.5421875 0.5875 0.084375 0.1421875
35 0.1796875 0.5515625 0.08125 0.1515625
3 0.478125 0.35390625 0.0796875 0.146875
37 0.80390625 0.3890625 0.090625 0.140625
3 0.31796875 0.328125 0.08125 0.14375
3 0.3984375 0.34375 0.084375 0.1484375
25 0.809375 0.61875 0.0953125 0.15625
32 0.45078125 0.58046875 0.084375 0.1453125
3 0.56015625 0.3515625 0.08125 0.1453125
40 0.23203125 0.32109375 0.090625 0.146875