35 0.28203125 0.5859375 0.078125 0.1421875
23 0.64140625 0.5890625 0.090625 0.1625
37 0.70703125 0.35 0.08125 0.140625
24 0.73125 0.57734375 0.090625 0.1484375
37 0.62265625 0.35625 0.0828125 0.146875
32 0.371875 0.58046875 0.0828125 0.140625
32 0.553125 0.58203125 0.0828125 0.140625
35 0.18828125 0.58984375 0.0796875 0.15
3 0.46015625 0.35703125 0.078125 0.1453125
37 0.78828125 0.35234375 0.0890625 0.1390625
3 0.2984375 0.3515625 0.0796875 0.1421875
3 0.3796875 0.3578125 0.0828125 0.1484375
25 0.821875 0.58046875 0.0921875 0.1546875
32 0.4609375 0.5859375 0.0828125 0.14375
3 0.5421875 0.3453125 0.0796875 0.14375
40 0.2125 0.3546875 0.0890625 0.1453125