5 0.34765625 0.484375 0.065625 0.0734375
4 0.73828125 0.38671875 0.071875 0.078125
5 0.79453125 0.36875 0.078125 0.08125
7 0.6234375 0.41328125 0.0671875 0.0765625
7 0.45859375 0.4578125 0.0671875 0.0765625
7 0.56640625 0.425 0.0640625 0.0734375
4 0.85546875 0.36328125 0.0765625 0.078125
1 0.184375 0.53359375 0.059375 0.0703125
30 0.13125 0.55078125 0.065625 0.075
4 0.9171875 0.34765625 0.0828125 0.08125
7 0.51328125 0.43984375 0.0640625 0.0734375
3 0.29453125 0.49765625 0.065625 0.071875
2 0.2375 0.515625 0.0609375 0.071875
6 0.40078125 0.47265625 0.0671875 0.071875
3 0.67734375 0.40078125 0.06875 0.0765625
38 0.078125 0.5671875 0.0703125 0.075