5 0.35546875 0.45 0.0546875 0.0640625
4 0.7578125 0.44296875 0.059375 0.0671875
5 0.81640625 0.43828125 0.0640625 0.06875
7 0.63984375 0.44375 0.0546875 0.0671875
7 0.46953125 0.44921875 0.0546875 0.0671875
7 0.58125 0.44140625 0.0515625 0.0640625
4 0.87734375 0.446875 0.0640625 0.065625
1 0.18515625 0.46171875 0.046875 0.0625
30 0.12890625 0.4671875 0.053125 0.065625
4 0.940625 0.4453125 0.0703125 0.06875
7 0.5265625 0.44453125 0.0515625 0.0640625
3 0.30078125 0.4515625 0.053125 0.0625
2 0.240625 0.45625 0.0484375 0.0640625
6 0.409375 0.45078125 0.0546875 0.0625
3 0.6953125 0.44296875 0.0546875 0.0671875
38 0.0734375 0.4703125 0.0578125 0.0640625