12 0.1328125 0.365625 0.0703125 0.084375
11 0.44375 0.4109375 0.0625 0.0828125
31 0.96953125 0.49921875 0.0609375 0.0953125
10 0.38046875 0.40390625 0.0609375 0.08125
31 0.9046875 0.4890625 0.06875 0.0890625
37 0.57109375 0.434375 0.0640625 0.084375
37 0.63359375 0.44453125 0.065625 0.0859375
14 0.25703125 0.38203125 0.065625 0.084375
37 0.50625 0.4234375 0.0640625 0.084375
9 0.3140625 0.39375 0.065625 0.0828125
13 0.1953125 0.371875 0.06875 0.0859375
33 0.7 0.45625 0.065625 0.0828125
33 0.76796875 0.4625 0.0640625 0.08125
33 0.83515625 0.478125 0.0640625 0.0796875
40 0.075 0.3546875 0.08125 0.090625