15 0.78203125 0.61015625 0.0734375 0.103125
13 0.6015625 0.6578125 0.0734375 0.1078125
28 0.1359375 0.76953125 0.075 0.103125
15 0.840625 0.59453125 0.0734375 0.1
13 0.54375 0.671875 0.0734375 0.1078125
14 0.72265625 0.628125 0.0734375 0.10625
0 0.9015625 0.57578125 0.0734375 0.0953125
12 0.42578125 0.6984375 0.078125 0.109375
14 0.659375 0.64375 0.0734375 0.109375
12 0.48359375 0.684375 0.075 0.109375
10 0.3109375 0.728125 0.0703125 0.1015625
18 0.24765625 0.73828125 0.06875 0.090625
0 0.9625 0.56015625 0.071875 0.0953125
10 0.365625 0.7125 0.0734375 0.10625
18 0.1921875 0.75 0.065625 0.0921875