15 0.71640625 0.71171875 0.0671875 0.1
13 0.53203125 0.684375 0.065625 0.1046875
28 0.059375 0.60546875 0.0671875 0.1015625
15 0.7765625 0.7203125 0.0671875 0.0984375
13 0.47265625 0.675 0.065625 0.1046875
14 0.6546875 0.7046875 0.065625 0.1046875
0 0.83984375 0.7265625 0.0671875 0.0921875
12 0.35390625 0.653125 0.0703125 0.10625
14 0.58984375 0.69453125 0.065625 0.10625
12 0.4125 0.66328125 0.0671875 0.10625
10 0.23671875 0.6359375 0.0640625 0.0984375
18 0.175 0.62109375 0.0625 0.0875
0 0.90234375 0.7359375 0.065625 0.0921875
10 0.29296875 0.64296875 0.065625 0.103125
18 0.11875 0.609375 0.059375 0.0890625