8 0.9421875 0.3703125 0.1 0.3234375
0 0.12421875 0.5171875 0.11875 0.3578125
1 0.19375 0.5078125 0.109375 0.34375
2 0.26171875 0.49765625 0.109375 0.3453125
1 0.32890625 0.48046875 0.1109375 0.3453125
2 0.39296875 0.46484375 0.10625 0.3390625
3 0.4578125 0.45390625 0.103125 0.3296875
2 0.5203125 0.44140625 0.103125 0.3265625
2 0.5828125 0.4265625 0.0984375 0.3109375
4 0.64296875 0.4171875 0.096875 0.30625
5 0.7046875 0.41328125 0.1 0.315625
6 0.7671875 0.4 0.1015625 0.31875
6 0.82734375 0.39453125 0.103125 0.328125
7 0.8875 0.3875 0.1015625 0.3328125
41 0.05625 0.52890625 0.1109375 0.353125