8 0.95390625 0.4171875 0.0671875 0.3203125
0 0.125 0.478125 0.0828125 0.353125
1 0.19453125 0.47578125 0.075 0.340625
2 0.26328125 0.4734375 0.075 0.340625
1 0.33203125 0.4625 0.0765625 0.340625
2 0.39765625 0.45390625 0.071875 0.3359375
3 0.46328125 0.45 0.06875 0.3265625
2 0.5265625 0.44375 0.0703125 0.3234375
2 0.58984375 0.4359375 0.0671875 0.3078125
4 0.65078125 0.4328125 0.065625 0.303125
5 0.7125 0.43515625 0.06875 0.3125
6 0.77578125 0.42890625 0.0703125 0.315625
6 0.83671875 0.4296875 0.0703125 0.325
7 0.896875 0.428125 0.0671875 0.3296875
41 0.05546875 0.4828125 0.075 0.35