36 0.6171875 0.5125 0.06875 0.08125
33 0.4953125 0.525 0.0484375 0.0609375
9 0.16640625 0.5703125 0.05625 0.065625
35 0.55390625 0.521875 0.059375 0.0703125
9 0.21796875 0.5625 0.0625 0.0703125
13 0.2734375 0.5515625 0.059375 0.0734375
33 0.4390625 0.5296875 0.0484375 0.0640625
31 0.68203125 0.4890625 0.0734375 0.08125
31 0.74375 0.47734375 0.0609375 0.0765625
32 0.81796875 0.48203125 0.0625 0.075
3 0.38125 0.5375 0.0578125 0.075
7 0.328125 0.54375 0.0578125 0.06875
25 0.1125 0.584375 0.065625 0.075