36 0.61484375 0.5265625 0.0609375 0.075
33 0.49296875 0.52421875 0.0421875 0.05625
9 0.1609375 0.5296875 0.05 0.059375
35 0.55078125 0.528125 0.0515625 0.0640625
9 0.2125 0.52734375 0.05625 0.0640625
13 0.26875 0.5234375 0.0515625 0.0671875
33 0.43515625 0.521875 0.0421875 0.059375
31 0.68203125 0.51171875 0.065625 0.075
31 0.74453125 0.5078125 0.053125 0.071875
32 0.81796875 0.52109375 0.0546875 0.06875
3 0.37734375 0.52265625 0.05 0.0703125
7 0.3234375 0.52265625 0.0515625 0.0640625
25 0.10546875 0.53671875 0.0578125 0.06875