30 0.07421875 0.5296875 0.0625 0.090625
21 0.534375 0.5640625 0.0625 0.09375
24 0.365625 0.55078125 0.0625 0.0953125
23 0.3046875 0.546875 0.0609375 0.09375
21 0.47890625 0.5578125 0.059375 0.0890625
25 0.4203125 0.55546875 0.0625 0.0953125
20 0.759375 0.584375 0.0671875 0.0953125
20 0.24921875 0.54375 0.0609375 0.09375
21 0.590625 0.56953125 0.0640625 0.09375
19 0.70234375 0.57890625 0.065625 0.0953125
18 0.64453125 0.575 0.0640625 0.0921875
19 0.8140625 0.58984375 0.0609375 0.0921875
19 0.1890625 0.53828125 0.059375 0.0921875
19 0.8703125 0.59453125 0.059375 0.0890625
18 0.1328125 0.5328125 0.0578125 0.0859375