12 0.72421875 0.4671875 0.0390625 0.0640625
11 0.6796875 0.4671875 0.0359375 0.0640625
13 0.2828125 0.48359375 0.0359375 0.06875
13 0.32890625 0.48046875 0.0375 0.06875
15 0.8109375 0.46328125 0.034375 0.065625
17 0.5078125 0.47265625 0.034375 0.0640625
16 0.8546875 0.465625 0.034375 0.0640625
17 0.42109375 0.4796875 0.0359375 0.065625
17 0.4625 0.47734375 0.0359375 0.0640625
14 0.76875 0.46640625 0.0359375 0.065625
13 0.375 0.47734375 0.0375 0.0671875
12 0.55234375 0.4734375 0.0390625 0.0640625
27 0.0953125 0.496875 0.0453125 0.0734375
38 0.14453125 0.49765625 0.04375 0.06875
12 0.59609375 0.47109375 0.0390625 0.065625
10 0.63671875 0.46640625 0.0390625 0.0625
5 0.00625 0.265625 0.0125 0.059375
5 0.00625 0.21171875 0.0125 0.0578125
40 0.18984375 0.49296875 0.0453125 0.071875
41 0.2359375 0.4890625 0.046875 0.0765625