15 0.8421875 0.67578125 0.0765625 0.1078125
15 0.78125 0.68984375 0.0734375 0.10625
12 0.38203125 0.7859375 0.0734375 0.10625
15 0.896875 0.6625 0.0765625 0.1078125
14 0.49765625 0.75859375 0.075 0.10625
14 0.55703125 0.746875 0.0734375 0.109375
9 0.2109375 0.8265625 0.0734375 0.10625
14 0.43984375 0.77265625 0.0734375 0.1078125
11 0.325 0.8015625 0.075 0.1078125
10 0.26953125 0.81484375 0.0734375 0.10625
12 0.6671875 0.71953125 0.075 0.10625
12 0.7265625 0.70625 0.075 0.10625
12 0.61015625 0.7296875 0.075 0.1078125
9 0.15234375 0.84140625 0.0703125 0.10625
28 0.95703125 0.646875 0.0765625 0.109375