15 0.71953125 0.815625 0.0796875 0.1078125
15 0.659375 0.8 0.0765625 0.1078125
12 0.2609375 0.696875 0.0765625 0.1078125
15 0.77421875 0.8296875 0.0796875 0.109375
14 0.3765625 0.72734375 0.078125 0.1078125
14 0.434375 0.74453125 0.0765625 0.109375
9 0.09140625 0.65234375 0.0765625 0.1078125
14 0.31875 0.7125 0.0765625 0.1078125
11 0.20390625 0.684375 0.078125 0.1078125
10 0.14921875 0.66953125 0.0765625 0.1078125
12 0.54453125 0.77265625 0.078125 0.1078125
12 0.603125 0.78828125 0.078125 0.1078125
12 0.4890625 0.7546875 0.078125 0.1078125
9 0.034375 0.6375 0.06875 0.10625
28 0.834375 0.84453125 0.0796875 0.109375