31 0.07890625 0.51328125 0.1125 0.3078125
31 0.140625 0.503125 0.10625 0.2984375
31 0.20546875 0.496875 0.1078125 0.309375
35 0.26953125 0.490625 0.1078125 0.3046875
35 0.33359375 0.47734375 0.109375 0.3015625
35 0.3953125 0.471875 0.103125 0.3
36 0.4578125 0.4578125 0.1078125 0.296875
36 0.51875 0.44453125 0.109375 0.3
36 0.5796875 0.4359375 0.1140625 0.31875
33 0.6390625 0.421875 0.1140625 0.3109375
33 0.7015625 0.4140625 0.109375 0.303125
19 0.7640625 0.4046875 0.10625 0.296875
19 0.82421875 0.39765625 0.10625 0.3
19 0.8828125 0.39140625 0.10625 0.3078125