27 0.06875 0.5421875 0.0546875 0.0890625
21 0.171875 0.53046875 0.0515625 0.08125
18 0.64296875 0.478125 0.05 0.0734375
20 0.4359375 0.49921875 0.0515625 0.0703125
18 0.69609375 0.471875 0.0484375 0.0703125
18 0.3296875 0.51171875 0.053125 0.0734375
21 0.27734375 0.51796875 0.0546875 0.078125
23 0.74921875 0.46875 0.053125 0.08125
21 0.22421875 0.525 0.0515625 0.0796875
26 0.590625 0.4859375 0.0515625 0.0796875
24 0.79765625 0.4640625 0.0546875 0.0796875
25 0.5390625 0.49140625 0.046875 0.078125
19 0.384375 0.50625 0.05 0.0765625
24 0.48828125 0.49609375 0.0515625 0.0765625
25 0.84921875 0.45859375 0.0515625 0.0796875
22 0.51640625 0.146875 0.075 0.065625
40 0.11796875 0.5359375 0.053125 0.084375
10 0.62734375 0.10546875 0.078125 0.08125