31 0.05625 0.3453125 0.0515625 0.3421875
31 0.10703125 0.34921875 0.05 0.3125
31 0.15703125 0.3578125 0.053125 0.296875
31 0.2078125 0.3703125 0.0515625 0.309375
35 0.25859375 0.378125 0.0515625 0.3140625
35 0.3109375 0.3921875 0.05 0.321875
35 0.3625 0.390625 0.05 0.3140625
35 0.41171875 0.4 0.053125 0.3109375
36 0.4640625 0.396875 0.0515625 0.3109375
36 0.51328125 0.39609375 0.0515625 0.315625
36 0.56171875 0.40625 0.05 0.321875
36 0.61171875 0.41796875 0.05 0.3234375
33 0.66015625 0.42578125 0.0484375 0.3171875
33 0.709375 0.43046875 0.05625 0.3328125
34 0.75859375 0.434375 0.0515625 0.3265625
34 0.81015625 0.43515625 0.0515625 0.309375
34 0.86015625 0.44609375 0.0515625 0.31875
34 0.9078125 0.45390625 0.0515625 0.340625