1 0.2625 0.54921875 0.0578125 0.0921875
6 0.6234375 0.56640625 0.0578125 0.0921875
8 0.5640625 0.56484375 0.0578125 0.1015625
6 0.44609375 0.55859375 0.0578125 0.09375
3 0.3859375 0.553125 0.0578125 0.09375
7 0.5046875 0.56015625 0.0609375 0.0953125
7 0.684375 0.5671875 0.0609375 0.09375
0 0.13515625 0.54296875 0.0578125 0.0921875
0 0.19765625 0.546875 0.059375 0.09375
2 0.865625 0.571875 0.0609375 0.0953125
2 0.80234375 0.56953125 0.059375 0.09375
8 0.74296875 0.5671875 0.0625 0.09375
2 0.32578125 0.55625 0.0578125 0.096875
0 0.075 0.540625 0.0578125 0.090625
13 0.03984375 0.28203125 0.0609375 0.075