31 0.09140625 0.4421875 0.1109375 0.35
31 0.140625 0.44921875 0.1125 0.353125
31 0.1890625 0.46015625 0.109375 0.3359375
31 0.23671875 0.47578125 0.1140625 0.3453125
35 0.28828125 0.48359375 0.10625 0.3296875
35 0.33359375 0.50859375 0.1125 0.3484375
35 0.384375 0.5109375 0.115625 0.3640625
35 0.43125 0.5296875 0.1125 0.3484375
36 0.48046875 0.5296875 0.109375 0.3296875
36 0.528125 0.5390625 0.1171875 0.3765625
36 0.575 0.55 0.1125 0.359375
36 0.62109375 0.56484375 0.1171875 0.36875
33 0.6703125 0.56953125 0.1125 0.3484375
33 0.71640625 0.58671875 0.1171875 0.3625
19 0.765625 0.5953125 0.1125 0.35
19 0.8125 0.61015625 0.1140625 0.35
19 0.85859375 0.61875 0.109375 0.3453125
19 0.90546875 0.6328125 0.10625 0.3328125