1 0.278125 0.59765625 0.0671875 0.096875
6 0.634375 0.53984375 0.0671875 0.096875
8 0.57578125 0.55078125 0.06875 0.1046875
6 0.459375 0.56875 0.0671875 0.0984375
3 0.4 0.57578125 0.0671875 0.0984375
7 0.5171875 0.5578125 0.0703125 0.1
7 0.69453125 0.528125 0.06875 0.0984375
0 0.1515625 0.61796875 0.0671875 0.096875
0 0.2140625 0.60859375 0.06875 0.0984375
2 0.87265625 0.49375 0.0703125 0.1
2 0.81015625 0.50546875 0.06875 0.0984375
8 0.7515625 0.515625 0.071875 0.0984375
2 0.34140625 0.59140625 0.0671875 0.1015625
0 0.0921875 0.628125 0.065625 0.0953125
13 0.01953125 0.38203125 0.0390625 0.0796875