31 0.04375 0.40390625 0.075 0.3796875
31 0.09453125 0.40390625 0.0734375 0.3765625
31 0.14296875 0.38671875 0.071875 0.3515625
31 0.19609375 0.39453125 0.0703125 0.35625
35 0.2453125 0.38359375 0.0671875 0.340625
35 0.29765625 0.3765625 0.0734375 0.3703125
35 0.34921875 0.36953125 0.06875 0.3328125
35 0.39921875 0.37265625 0.0703125 0.346875
36 0.45234375 0.375 0.0703125 0.359375
36 0.50078125 0.365625 0.071875 0.3625
36 0.55 0.35703125 0.075 0.3640625
36 0.60078125 0.3609375 0.0703125 0.3703125
33 0.64921875 0.34921875 0.0703125 0.3640625
33 0.70078125 0.35234375 0.0796875 0.3921875
33 0.75078125 0.33046875 0.0734375 0.3578125
33 0.8015625 0.33828125 0.0734375 0.3578125
34 0.85078125 0.3453125 0.071875 0.3703125