31 0.0453125 0.44453125 0.090625 0.3796875
31 0.08828125 0.4390625 0.10625 0.3765625
31 0.134375 0.41875 0.1015625 0.3515625
31 0.18828125 0.421875 0.1015625 0.3546875
35 0.2359375 0.40625 0.0953125 0.340625
35 0.2875 0.39453125 0.1046875 0.3703125
35 0.33828125 0.38359375 0.096875 0.33125
35 0.3890625 0.38125 0.1 0.3453125
36 0.44140625 0.3796875 0.1 0.359375
36 0.4890625 0.36640625 0.103125 0.3625
36 0.5375 0.353125 0.10625 0.3625
36 0.58828125 0.353125 0.1015625 0.3703125
33 0.63515625 0.33671875 0.1015625 0.3640625
33 0.6875 0.33515625 0.1125 0.3921875
33 0.73515625 0.309375 0.103125 0.3578125
33 0.78671875 0.3125 0.103125 0.3578125
34 0.8359375 0.315625 0.1046875 0.3703125