4 0.5203125 0.4515625 0.053125 0.228125
5 0.69296875 0.44609375 0.0546875 0.21875
5 0.6375 0.45546875 0.053125 0.2140625
8 0.4046875 0.44765625 0.053125 0.215625
8 0.34609375 0.4515625 0.059375 0.225
5 0.57890625 0.45546875 0.0578125 0.2328125
8 0.46171875 0.4421875 0.0515625 0.209375
4 0.753125 0.45546875 0.053125 0.2234375
5 0.81171875 0.45859375 0.0546875 0.2234375
7 0.8703125 0.4546875 0.05 0.215625
7 0.92890625 0.45703125 0.053125 0.2234375
2 0.28671875 0.45859375 0.0453125 0.2171875
1 0.228125 0.45546875 0.04375 0.2109375
0 0.17109375 0.453125 0.0453125 0.196875
41 0.1140625 0.45625 0.046875 0.221875
40 0.05390625 0.45078125 0.0515625 0.2234375