4 0.51953125 0.4515625 0.0578125 0.2296875
5 0.6921875 0.44296875 0.0578125 0.2203125
5 0.63671875 0.453125 0.05625 0.2140625
8 0.40390625 0.44921875 0.0578125 0.2171875
8 0.3453125 0.45390625 0.0640625 0.2265625
5 0.578125 0.45390625 0.0625 0.234375
8 0.4609375 0.44296875 0.0546875 0.209375
4 0.75234375 0.45078125 0.0578125 0.225
5 0.8109375 0.453125 0.0578125 0.225
7 0.86953125 0.4484375 0.0546875 0.2171875
7 0.928125 0.44921875 0.05625 0.225
2 0.2859375 0.4625 0.0484375 0.21875
1 0.22734375 0.46015625 0.0484375 0.2125
0 0.1703125 0.45859375 0.0484375 0.196875
41 0.11328125 0.46328125 0.0515625 0.2234375
40 0.053125 0.45859375 0.0546875 0.225