3 0.15234375 0.46796875 0.0578125 0.071875
7 0.55390625 0.4125 0.059375 0.0703125
7 0.38046875 0.43671875 0.0625 0.0703125
38 0.03515625 0.48359375 0.0703125 0.0734375
3 0.209375 0.4625 0.05625 0.071875
31 0.91953125 0.36171875 0.0625 0.0734375
31 0.859375 0.371875 0.0625 0.0703125
8 0.43828125 0.428125 0.059375 0.0703125
3 0.26640625 0.45234375 0.05625 0.0703125
1 0.7359375 0.38671875 0.0546875 0.071875
8 0.61328125 0.4046875 0.059375 0.071875
1 0.67578125 0.39375 0.0546875 0.071875
1 0.79609375 0.37890625 0.0578125 0.0734375
27 0.0921875 0.47890625 0.05625 0.06875
6 0.49609375 0.4203125 0.0609375 0.0703125
6 0.3234375 0.44453125 0.059375 0.06875