3 0.15859375 0.42578125 0.05 0.0671875
7 0.5640625 0.41953125 0.053125 0.0640625
7 0.3890625 0.42265625 0.0546875 0.0640625
38 0.040625 0.4265625 0.0640625 0.0671875
3 0.21640625 0.42734375 0.05 0.0671875
31 0.9328125 0.4140625 0.0546875 0.0671875
31 0.87265625 0.41640625 0.0546875 0.0640625
8 0.446875 0.42109375 0.0515625 0.065625
3 0.2734375 0.42421875 0.0484375 0.065625
1 0.74765625 0.41640625 0.046875 0.0671875
8 0.6234375 0.41875 0.0515625 0.0671875
1 0.68671875 0.41640625 0.046875 0.0671875
1 0.80859375 0.415625 0.05 0.0671875
27 0.0984375 0.4296875 0.0484375 0.0640625
6 0.50546875 0.4203125 0.053125 0.0640625
6 0.33125 0.4234375 0.0515625 0.0625