7 0.74921875 0.5328125 0.0578125 0.084375
7 0.2359375 0.578125 0.053125 0.084375
4 0.57421875 0.546875 0.0546875 0.084375
7 0.80703125 0.52890625 0.0578125 0.084375
7 0.68984375 0.53671875 0.0578125 0.084375
39 0.06796875 0.59375 0.0546875 0.0875
4 0.6328125 0.5390625 0.0546875 0.084375
29 0.12421875 0.58984375 0.0578125 0.0859375
4 0.51796875 0.5515625 0.0546875 0.084375
8 0.29296875 0.57265625 0.0546875 0.0828125
1 0.40546875 0.56328125 0.05 0.0828125
1 0.4609375 0.5578125 0.05 0.08125
1 0.34921875 0.56796875 0.05 0.08125
32 0.925 0.5140625 0.05625 0.078125
6 0.18046875 0.584375 0.0515625 0.084375
32 0.86875 0.52109375 0.053125 0.0765625