7 0.728125 0.6046875 0.0703125 0.0921875
7 0.22421875 0.49765625 0.0671875 0.090625
4 0.5578125 0.56640625 0.06875 0.0921875
7 0.78515625 0.61796875 0.071875 0.0921875
7 0.6703125 0.590625 0.0703125 0.0921875
39 0.059375 0.46328125 0.06875 0.09375
4 0.615625 0.5765625 0.06875 0.090625
29 0.11484375 0.4765625 0.071875 0.09375
4 0.50234375 0.5546875 0.06875 0.0921875
8 0.28046875 0.50859375 0.0671875 0.0890625
1 0.39140625 0.53359375 0.0640625 0.0890625
1 0.4453125 0.54375 0.0640625 0.0890625
1 0.3359375 0.52109375 0.0625 0.0890625
32 0.90234375 0.6375 0.06875 0.0859375
6 0.16953125 0.48671875 0.065625 0.090625
32 0.84609375 0.628125 0.0671875 0.084375