33 0.2140625 0.50546875 0.046875 0.0734375
33 0.26171875 0.51328125 0.0484375 0.0734375
33 0.3109375 0.52109375 0.0515625 0.0734375
11 0.59453125 0.56953125 0.0515625 0.0765625
27 0.078125 0.47734375 0.0578125 0.0796875
13 0.359375 0.53046875 0.053125 0.078125
39 0.11953125 0.490625 0.05625 0.0828125
13 0.4046875 0.53828125 0.0484375 0.0734375
16 0.74765625 0.59609375 0.05625 0.078125
16 0.696875 0.5875 0.053125 0.078125
13 0.45234375 0.54765625 0.0515625 0.075
16 0.64609375 0.578125 0.053125 0.078125
10 0.54921875 0.5609375 0.0515625 0.078125
9 0.5 0.5546875 0.0515625 0.0765625
17 0.79921875 0.60546875 0.05625 0.078125
17 0.85078125 0.6109375 0.05625 0.078125
41 0.1671875 0.4984375 0.05625 0.08125