25 0.18515625 0.45234375 0.053125 0.065625
25 0.12734375 0.45390625 0.0515625 0.0640625
25 0.2421875 0.45 0.0484375 0.0640625
21 0.715625 0.4375 0.053125 0.0578125
38 0.06875 0.45625 0.0625 0.0625
21 0.65546875 0.4390625 0.0515625 0.0578125
23 0.90234375 0.434375 0.053125 0.0671875
23 0.77890625 0.43671875 0.053125 0.0671875
23 0.83984375 0.4359375 0.053125 0.06875
9 0.478125 0.44453125 0.05 0.0640625
9 0.53671875 0.4421875 0.0484375 0.0609375
9 0.5953125 0.44140625 0.05 0.0625
37 0.41953125 0.446875 0.0515625 0.0640625
37 0.3578125 0.446875 0.0484375 0.0609375
37 0.3 0.4484375 0.05 0.0625