25 0.19296875 0.4140625 0.05625 0.06875
25 0.13515625 0.40859375 0.0546875 0.0671875
25 0.25 0.41953125 0.0515625 0.065625
21 0.721875 0.46484375 0.05625 0.0609375
38 0.07734375 0.40390625 0.065625 0.065625
21 0.66171875 0.45859375 0.0546875 0.0609375
23 0.9078125 0.48359375 0.05625 0.0703125
23 0.78515625 0.471875 0.05625 0.0703125
23 0.8453125 0.47734375 0.05625 0.071875
9 0.484375 0.4421875 0.053125 0.065625
9 0.54375 0.44765625 0.0515625 0.0640625
9 0.60234375 0.453125 0.053125 0.0640625
37 0.4265625 0.43671875 0.053125 0.0671875
37 0.36484375 0.43046875 0.0515625 0.0640625
37 0.3078125 0.42421875 0.053125 0.0640625