4 0.8859375 0.38671875 0.059375 0.0625
28 0.11015625 0.428125 0.046875 0.0578125
16 0.53828125 0.40390625 0.05 0.0609375
20 0.21484375 0.421875 0.0421875 0.0578125
3 0.82421875 0.38984375 0.0515625 0.0625
5 0.59453125 0.403125 0.053125 0.0640625
7 0.7078125 0.39609375 0.05625 0.0625
12 0.32109375 0.41640625 0.046875 0.0578125
13 0.37578125 0.41484375 0.046875 0.059375
16 0.48203125 0.4078125 0.0453125 0.0578125
14 0.4296875 0.409375 0.0453125 0.059375
2 0.765625 0.390625 0.0546875 0.0625
21 0.26796875 0.41796875 0.0484375 0.0515625
19 0.16328125 0.42578125 0.046875 0.0609375
6 0.65078125 0.39765625 0.0515625 0.0625
27 0.05625 0.43125 0.0515625 0.0609375