15 0.4984375 0.43671875 0.0484375 0.0671875
12 0.24921875 0.44921875 0.0546875 0.0640625
11 0.1828125 0.45 0.0546875 0.0671875
3 0.309375 0.44375 0.05 0.0671875
4 0.37734375 0.43984375 0.0546875 0.0671875
5 0.4375 0.4375 0.053125 0.0671875
20 0.68515625 0.43125 0.0578125 0.0640625
16 0.56015625 0.43359375 0.0515625 0.0671875
21 0.74453125 0.43046875 0.053125 0.0609375
17 0.621875 0.4328125 0.05 0.0640625
10 0.11640625 0.4546875 0.0578125 0.06875
22 0.80625 0.42734375 0.053125 0.059375
35 0.8703125 0.4265625 0.05 0.0625
35 0.9328125 0.4234375 0.0484375 0.05625