15 0.509375 0.4375 0.05625 0.071875
12 0.26171875 0.40625 0.0609375 0.0703125
11 0.19609375 0.39609375 0.0609375 0.071875
3 0.321875 0.41171875 0.05625 0.071875
4 0.38984375 0.41953125 0.0625 0.071875
5 0.44921875 0.42734375 0.059375 0.071875
20 0.69453125 0.4640625 0.0640625 0.0703125
16 0.57109375 0.4453125 0.0578125 0.071875
21 0.753125 0.47421875 0.0578125 0.065625
17 0.63203125 0.45546875 0.05625 0.06875
10 0.1296875 0.3890625 0.0640625 0.075
22 0.8140625 0.48203125 0.059375 0.0640625
35 0.87734375 0.4921875 0.05625 0.0671875
35 0.93984375 0.49921875 0.0546875 0.0609375