37 0.10625 0.64140625 0.078125 0.1171875
5 0.4703125 0.64453125 0.0625 0.11875
5 0.34765625 0.64609375 0.065625 0.1203125
5 0.40859375 0.6421875 0.065625 0.121875
37 0.04609375 0.63984375 0.075 0.1125
11 0.1640625 0.640625 0.071875 0.1140625
0 0.53515625 0.6328125 0.0625 0.11875
0 0.59453125 0.61796875 0.0671875 0.11875
11 0.28671875 0.64765625 0.06875 0.115625
15 0.70703125 0.55234375 0.06875 0.1140625
11 0.2265625 0.6265625 0.0671875 0.1125
0 0.65546875 0.60625 0.0625 0.11875
15 0.77421875 0.55546875 0.06875 0.115625
15 0.8375 0.54296875 0.0625 0.1140625
38 0.9 0.5390625 0.075 0.115625