37 0.1171875 0.66796875 0.0859375 0.121875
5 0.48046875 0.64609375 0.0703125 0.1203125
5 0.3578125 0.65625 0.0734375 0.1234375
5 0.41875 0.6484375 0.0734375 0.125
37 0.05703125 0.67109375 0.08125 0.115625
11 0.175 0.6640625 0.0796875 0.1171875
0 0.54453125 0.6296875 0.0703125 0.121875
0 0.60234375 0.6109375 0.075 0.121875
11 0.29765625 0.6625 0.0765625 0.11875
15 0.71015625 0.53828125 0.075 0.1171875
11 0.2359375 0.6453125 0.0734375 0.115625
0 0.6625 0.5953125 0.0703125 0.121875
15 0.778125 0.5359375 0.0765625 0.11875
15 0.83984375 0.51875 0.0703125 0.115625
38 0.9015625 0.5109375 0.0828125 0.11875