5 0.8421875 0.52578125 0.075 0.078125
5 0.78359375 0.51796875 0.0703125 0.0765625
20 0.73046875 0.51953125 0.06875 0.0734375
20 0.67265625 0.509375 0.065625 0.06875
11 0.38046875 0.48359375 0.065625 0.0796875
11 0.31796875 0.48125 0.06875 0.08125
34 0.05078125 0.4625 0.059375 0.08125
32 0.18515625 0.47109375 0.065625 0.075
14 0.50078125 0.4875 0.0609375 0.071875
19 0.56015625 0.49609375 0.065625 0.075
32 0.2546875 0.475 0.0671875 0.0765625
34 0.11953125 0.46796875 0.059375 0.078125
19 0.61640625 0.50078125 0.0625 0.071875
14 0.44140625 0.4859375 0.0609375 0.0734375