5 0.83046875 0.4078125 0.078125 0.08125
5 0.77265625 0.41953125 0.0734375 0.0796875
20 0.7234375 0.43984375 0.071875 0.0765625
20 0.665625 0.44921875 0.06875 0.071875
11 0.38203125 0.525 0.0703125 0.0828125
11 0.32265625 0.54453125 0.0734375 0.084375
34 0.06484375 0.61796875 0.0640625 0.0828125
32 0.19453125 0.58046875 0.06875 0.078125
14 0.496875 0.48828125 0.0640625 0.075
19 0.55546875 0.47578125 0.06875 0.078125
32 0.2609375 0.56015625 0.0703125 0.0796875
34 0.13125 0.6 0.0640625 0.08125
19 0.61015625 0.4609375 0.065625 0.075
14 0.43984375 0.50703125 0.0640625 0.0765625