26 0.39921875 0.45703125 0.08125 0.096875
25 0.60546875 0.4515625 0.071875 0.0890625
24 0.53515625 0.453125 0.0765625 0.0921875
25 0.328125 0.465625 0.0796875 0.096875
32 0.80234375 0.44375 0.0671875 0.075
32 0.86484375 0.4421875 0.065625 0.071875
24 0.25390625 0.46484375 0.084375 0.1015625
22 0.1828125 0.47109375 0.078125 0.0890625
21 0.10859375 0.46953125 0.0765625 0.0875
32 0.9328125 0.43828125 0.06875 0.084375
19 0.7359375 0.446875 0.0734375 0.0875
20 0.03515625 0.4734375 0.0703125 0.090625
19 0.6703125 0.44921875 0.06875 0.084375
23 0.46796875 0.4546875 0.078125 0.0953125