15 0.52265625 0.33359375 0.0734375 0.0875
13 0.3703125 0.375 0.084375 0.10625
17 0.2859375 0.38984375 0.084375 0.10625
10 0.596875 0.3203125 0.0796875 0.09375
14 0.4515625 0.359375 0.08125 0.1046875
17 0.10703125 0.42265625 0.0796875 0.1078125
17 0.2015625 0.4109375 0.090625 0.109375
10 0.67890625 0.32734375 0.0671875 0.09375
10 0.746875 0.31328125 0.0765625 0.090625
9 0.8203125 0.30390625 0.071875 0.0921875
9 0.88984375 0.296875 0.0765625 0.0921875
31 0.35234375 0.61953125 0.096875 0.125
31 0.453125 0.596875 0.0828125 0.1140625
31 0.54765625 0.56953125 0.0796875 0.1140625