15 0.5703125 0.34765625 0.0734375 0.0890625
13 0.4125 0.3421875 0.0859375 0.10625
17 0.32734375 0.33203125 0.0859375 0.1078125
10 0.6453125 0.35703125 0.08125 0.09375
14 0.4953125 0.3515625 0.0828125 0.1046875
17 0.146875 0.3109375 0.08125 0.109375
17 0.240625 0.32734375 0.0921875 0.1109375
10 0.721875 0.3875 0.06875 0.09375
10 0.790625 0.39375 0.078125 0.0921875
9 0.86328125 0.40625 0.0734375 0.0921875
9 0.93203125 0.41953125 0.078125 0.09375
31 0.32421875 0.57109375 0.0984375 0.1265625
31 0.4265625 0.57890625 0.084375 0.115625
31 0.525 0.58046875 0.08125 0.115625