33 0.4234375 0.48203125 0.0484375 0.065625
33 0.484375 0.4796875 0.0515625 0.0640625
8 0.9359375 0.45859375 0.0578125 0.06875
31 0.6015625 0.478125 0.053125 0.0671875
8 0.88046875 0.46015625 0.0546875 0.06875
31 0.54375 0.478125 0.0515625 0.06875
35 0.36328125 0.48203125 0.0546875 0.0703125
35 0.3 0.48359375 0.0546875 0.071875
34 0.1703125 0.49453125 0.0515625 0.075
34 0.23671875 0.490625 0.053125 0.075
9 0.65859375 0.47421875 0.0515625 0.0703125
22 0.8265625 0.46328125 0.0484375 0.0609375
41 0.10703125 0.49375 0.0578125 0.078125
9 0.71640625 0.471875 0.0515625 0.0640625
22 0.7734375 0.4671875 0.0484375 0.0625