7 0.56328125 0.50625 0.0609375 0.0890625
4 0.7375 0.53515625 0.0609375 0.0875
7 0.5015625 0.4984375 0.0609375 0.0921875
5 0.43828125 0.490625 0.0640625 0.09375
16 0.67890625 0.52265625 0.059375 0.0875
16 0.6171875 0.51328125 0.059375 0.0875
5 0.37578125 0.4828125 0.065625 0.09375
26 0.3046875 0.46796875 0.071875 0.0953125
4 0.78671875 0.5359375 0.0609375 0.084375
26 0.23125 0.46015625 0.0703125 0.0984375
14 0.0875 0.43828125 0.0703125 0.103125
33 0.8921875 0.54921875 0.0546875 0.0765625
33 0.8453125 0.55 0.0515625 0.0734375
14 0.1578125 0.45390625 0.065625 0.1