15 0.22421875 0.41015625 0.071875 0.0890625
15 0.153125 0.40390625 0.071875 0.0890625
36 0.56171875 0.43515625 0.0578125 0.06875
36 0.49765625 0.43203125 0.0609375 0.071875
15 0.07734375 0.39765625 0.075 0.0921875
34 0.74609375 0.4515625 0.05625 0.071875
36 0.62421875 0.44140625 0.0546875 0.065625
34 0.6859375 0.44765625 0.0578125 0.075
18 0.43515625 0.4234375 0.0671875 0.0765625
23 0.915625 0.4640625 0.0578125 0.075
23 0.859375 0.46015625 0.0609375 0.0765625
18 0.3640625 0.4203125 0.0703125 0.08125
23 0.80390625 0.4546875 0.059375 0.0765625
18 0.2953125 0.41484375 0.071875 0.0859375