7 0.56328125 0.5046875 0.0578125 0.0875
4 0.73828125 0.5265625 0.059375 0.0859375
7 0.5015625 0.4984375 0.059375 0.090625
5 0.4375 0.4921875 0.0625 0.0921875
16 0.6796875 0.51640625 0.0578125 0.0859375
16 0.61796875 0.509375 0.0578125 0.0859375
5 0.37578125 0.4875 0.0625 0.0921875
26 0.30390625 0.47421875 0.06875 0.09375
4 0.78828125 0.52578125 0.0578125 0.0828125
26 0.23046875 0.46953125 0.0671875 0.096875
14 0.0859375 0.453125 0.0671875 0.1015625
33 0.89375 0.53515625 0.0515625 0.075
33 0.846875 0.5375 0.0484375 0.071875
14 0.15625 0.465625 0.0625 0.0984375