15 0.221875 0.4203125 0.0703125 0.0875
15 0.15 0.41640625 0.06875 0.0875
36 0.559375 0.4328125 0.0546875 0.0671875
36 0.4953125 0.43203125 0.0578125 0.0703125
15 0.07421875 0.4125 0.0734375 0.0890625
34 0.74453125 0.44296875 0.053125 0.0703125
36 0.62265625 0.43671875 0.053125 0.0640625
34 0.68359375 0.44140625 0.0546875 0.0734375
18 0.4328125 0.42578125 0.065625 0.075
23 0.9140625 0.45 0.05625 0.0734375
23 0.8578125 0.44765625 0.059375 0.075
18 0.36171875 0.425 0.0671875 0.0796875
23 0.80234375 0.44375 0.0578125 0.075
18 0.29296875 0.421875 0.06875 0.0828125