41 0.028125 0.58515625 0.053125 0.1015625
36 0.7515625 0.478125 0.0515625 0.0703125
10 0.5875 0.5078125 0.059375 0.084375
36 0.69921875 0.48828125 0.0546875 0.06875
19 0.15703125 0.5703125 0.059375 0.09375
18 0.409375 0.52734375 0.0578125 0.084375
18 0.2859375 0.5484375 0.0625 0.084375
18 0.34765625 0.53828125 0.059375 0.0890625
10 0.53203125 0.51484375 0.0546875 0.084375
10 0.6421875 0.49921875 0.0578125 0.0828125
19 0.22265625 0.56171875 0.059375 0.090625
18 0.46953125 0.52265625 0.059375 0.0828125
19 0.09140625 0.57890625 0.0578125 0.09375
14 0.809375 0.4734375 0.059375 0.0796875
14 0.91328125 0.45625 0.059375 0.08125
14 0.8609375 0.46484375 0.059375 0.0828125