4 0.78671875 0.4078125 0.05625 0.0640625
7 0.50078125 0.475 0.046875 0.0625
8 0.8859375 0.38515625 0.0609375 0.06875
7 0.546875 0.465625 0.0484375 0.0640625
1 0.5921875 0.4515625 0.0484375 0.0609375
3 0.73515625 0.4203125 0.053125 0.065625
29 0.16171875 0.54609375 0.0546875 0.0640625
8 0.94296875 0.375 0.0640625 0.071875
7 0.453125 0.484375 0.046875 0.0625
1 0.63984375 0.44140625 0.05 0.0625
30 0.228125 0.5328125 0.059375 0.06875
28 0.11640625 0.55234375 0.053125 0.0609375
34 0.38671875 0.5 0.0484375 0.0609375
34 0.340625 0.5109375 0.04375 0.0578125
2 0.6875 0.434375 0.0515625 0.0640625
8 0.83515625 0.39765625 0.0578125 0.065625
34 0.29375 0.51953125 0.04375 0.059375
39 0.0734375 0.56328125 0.053125 0.0609375