41 0.03046875 0.43515625 0.0609375 0.1078125
36 0.74609375 0.55703125 0.0640625 0.078125
10 0.58046875 0.534375 0.0734375 0.0921875
36 0.69296875 0.55 0.0671875 0.0765625
19 0.15234375 0.4609375 0.0765625 0.1015625
18 0.40546875 0.49765625 0.071875 0.0921875
18 0.28125 0.48046875 0.0765625 0.09375
18 0.34375 0.48984375 0.075 0.096875
10 0.52578125 0.52421875 0.0703125 0.0921875
10 0.63515625 0.54375 0.071875 0.090625
19 0.2171875 0.47265625 0.075 0.0984375
18 0.4640625 0.5125 0.075 0.090625
19 0.08671875 0.4484375 0.075 0.1015625
14 0.80234375 0.5703125 0.0734375 0.0890625
14 0.90625 0.5859375 0.0734375 0.0890625
14 0.8546875 0.578125 0.075 0.090625