5 0.36640625 0.38984375 0.084375 0.1
5 0.440625 0.396875 0.08125 0.0953125
31 0.290625 0.3828125 0.0890625 0.1046875
2 0.5046875 0.40703125 0.0765625 0.0890625
2 0.56875 0.41484375 0.0734375 0.0890625
21 0.89453125 0.45625 0.06875 0.0796875
31 0.2140625 0.36875 0.0875 0.103125
18 0.6234375 0.41953125 0.075 0.0828125
35 0.059375 0.3328125 0.090625 0.121875
21 0.85 0.45234375 0.0671875 0.0734375
18 0.68671875 0.42890625 0.0734375 0.08125
19 0.7359375 0.4328125 0.0734375 0.0828125
35 0.134375 0.35859375 0.0890625 0.109375
19 0.796875 0.44140625 0.071875 0.0796875