26 0.8109375 0.490625 0.0765625 0.0875
7 0.63203125 0.49296875 0.06875 0.0828125
39 0.0375 0.509375 0.075 0.109375
17 0.92265625 0.48828125 0.06875 0.0765625
2 0.31171875 0.503125 0.08125 0.1
6 0.50546875 0.49453125 0.0703125 0.0921875
7 0.68984375 0.4890625 0.071875 0.0859375
26 0.74921875 0.490625 0.0796875 0.0875
6 0.56796875 0.49296875 0.06875 0.0875
2 0.24140625 0.50546875 0.0828125 0.1046875
17 0.86796875 0.490625 0.0640625 0.078125
3 0.38203125 0.5 0.0765625 0.0953125
37 0.17109375 0.5046875 0.08125 0.103125
37 0.09921875 0.50703125 0.0859375 0.10625
3 0.44453125 0.4984375 0.075 0.0953125