26 0.81015625 0.5125 0.08125 0.0921875
7 0.63203125 0.50234375 0.0734375 0.0859375
39 0.0390625 0.4765625 0.078125 0.1125
17 0.92265625 0.51796875 0.071875 0.0796875
2 0.3125 0.48984375 0.0859375 0.1046875
6 0.50625 0.49453125 0.0765625 0.0953125
7 0.690625 0.50234375 0.0765625 0.0890625
26 0.74921875 0.50859375 0.0828125 0.090625
6 0.56875 0.49765625 0.0734375 0.090625
2 0.24140625 0.4875 0.0890625 0.1078125
17 0.86796875 0.51640625 0.06875 0.0796875
3 0.38203125 0.49140625 0.0828125 0.1
37 0.171875 0.48203125 0.0875 0.1078125
37 0.09921875 0.47890625 0.0921875 0.1109375
3 0.44453125 0.49453125 0.08125 0.0984375