41 0.09921875 0.54921875 0.071875 0.0859375
8 0.70078125 0.46953125 0.0640625 0.08125
4 0.20234375 0.53515625 0.0640625 0.0828125
7 0.634375 0.4765625 0.0609375 0.0796875
31 0.5140625 0.49609375 0.0609375 0.0765625
31 0.45390625 0.5046875 0.0625 0.0796875
6 0.5734375 0.48515625 0.0609375 0.078125
0 0.93515625 0.4421875 0.0625 0.075
31 0.39453125 0.5140625 0.0609375 0.0796875
6 0.3328125 0.5234375 0.0609375 0.08125
37 0.76015625 0.46328125 0.0640625 0.08125
38 0.43046875 0.4296875 0.0625 0.0796875
5 0.2703125 0.53125 0.059375 0.08125
37 0.8203125 0.45703125 0.0640625 0.08125
40 0.0328125 0.55703125 0.065625 0.0859375
37 0.87578125 0.45 0.0671875 0.0796875
0 0.98125 0.43515625 0.0359375 0.06875