15 0.79140625 0.42421875 0.05625 0.0671875
4 0.3453125 0.54140625 0.0671875 0.08125
5 0.4 0.52109375 0.065625 0.0796875
3 0.22578125 0.57265625 0.06875 0.084375
38 0.0953125 0.59765625 0.0734375 0.0875
3 0.28515625 0.55625 0.06875 0.0828125
6 0.45625 0.51171875 0.059375 0.0734375
20 0.6078125 0.47265625 0.0625 0.0734375
1 0.653125 0.4625 0.0546875 0.0703125
17 0.878125 0.40234375 0.0625 0.0703125
16 0.83359375 0.41640625 0.0578125 0.06875
3 0.74453125 0.4359375 0.059375 0.071875
18 0.50546875 0.49765625 0.059375 0.071875
40 0.16171875 0.58359375 0.06875 0.0859375
2 0.70703125 0.45 0.059375 0.071875
19 0.55625 0.4859375 0.059375 0.071875