15 0.23046875 0.8109375 0.1234375 0.1890625
32 0.6359375 0.38671875 0.10625 0.134375
28 0.215625 0.22421875 0.10625 0.1203125
16 0.33671875 0.8109375 0.121875 0.19375
30 0.29453125 0.23203125 0.1 0.121875
38 0.13515625 0.21328125 0.1078125 0.121875
12 0.7625 0.67734375 0.121875 0.165625
11 0.66875 0.69375 0.115625 0.165625
9 0.45390625 0.640625 0.115625 0.1703125
32 0.47421875 0.3390625 0.096875 0.128125
9 0.16953125 0.63359375 0.1140625 0.16875
9 0.3625 0.64296875 0.1171875 0.175
10 0.5796875 0.65703125 0.1125 0.1640625
32 0.55546875 0.3875 0.1 0.1375
37 0.84375 0.45859375 0.1171875 0.140625
9 0.26640625 0.64140625 0.1125 0.1703125
37 0.7640625 0.4921875 0.1234375 0.15625
14 0.12421875 0.8 0.125 0.190625
41 0.409375 0.228125 0.1390625 0.15