26 0.26640625 0.22890625 0.1203125 0.0921875
26 0.1703125 0.13046875 0.128125 0.09375
26 0.22421875 0.18203125 0.1265625 0.0953125
32 0.70703125 0.696875 0.0859375 0.0921875
32 0.64921875 0.64921875 0.1 0.109375
35 0.80625 0.80546875 0.0953125 0.10625
35 0.75703125 0.75703125 0.0984375 0.109375
35 0.85859375 0.8515625 0.0765625 0.0875
19 0.6078125 0.59140625 0.075 0.08125
19 0.55625 0.54453125 0.071875 0.0859375
19 0.50625 0.49375 0.0703125 0.075
19 0.46015625 0.44375 0.0703125 0.0796875
19 0.415625 0.3796875 0.0859375 0.0828125
19 0.36015625 0.33125 0.0859375 0.08125
17 0.30859375 0.27265625 0.096875 0.08125