15 0.18984375 0.7703125 0.1453125 0.1984375
32 0.65 0.40703125 0.121875 0.14375
28 0.25703125 0.1875 0.11875 0.13125
16 0.2953125 0.78515625 0.14375 0.203125
30 0.334375 0.20546875 0.1140625 0.13125
38 0.178125 0.165625 0.121875 0.1328125
12 0.73515625 0.7125 0.140625 0.1765625
11 0.640625 0.715625 0.134375 0.1765625
9 0.434375 0.6328125 0.1359375 0.1796875
32 0.496875 0.3375 0.1109375 0.1375
9 0.15390625 0.5859375 0.134375 0.178125
9 0.34375 0.621875 0.1375 0.184375
10 0.55703125 0.66640625 0.13125 0.1734375
32 0.57109375 0.39609375 0.1171875 0.146875
37 0.84609375 0.50625 0.13125 0.153125
9 0.24921875 0.60703125 0.1328125 0.1796875
37 0.7625 0.52890625 0.140625 0.1671875
14 0.08671875 0.74453125 0.146875 0.2015625
41 0.44765625 0.21796875 0.1546875 0.1640625