26 0.21875 0.27890625 0.109375 0.0734375
26 0.10546875 0.2 0.11875 0.0734375
26 0.16875 0.240625 0.115625 0.0765625
32 0.740625 0.653125 0.0734375 0.08125
32 0.675 0.61796875 0.0859375 0.096875
35 0.85859375 0.74140625 0.0796875 0.09375
35 0.8015625 0.70390625 0.0828125 0.096875
35 0.91875 0.77734375 0.0640625 0.078125
19 0.6234375 0.56875 0.0625 0.071875
19 0.5640625 0.5328125 0.059375 0.078125
19 0.50546875 0.4921875 0.059375 0.065625
19 0.45 0.45234375 0.0578125 0.071875
19 0.39453125 0.3984375 0.075 0.0703125
19 0.33046875 0.3609375 0.075 0.06875
17 0.26875 0.31328125 0.0875 0.0671875