16 0.7328125 0.35546875 0.065625 0.0828125
16 0.796875 0.3515625 0.065625 0.084375
0 0.27421875 0.40859375 0.0671875 0.0890625
20 0.20234375 0.41328125 0.0703125 0.090625
18 0.9046875 0.334375 0.059375 0.0734375
0 0.34296875 0.39609375 0.065625 0.0828125
20 0.1265625 0.428125 0.06875 0.096875
18 0.96484375 0.33046875 0.0625 0.0734375
20 0.05 0.43515625 0.0671875 0.1
0 0.41640625 0.39375 0.065625 0.0828125
22 0.48203125 0.38515625 0.0625 0.0796875
22 0.6703125 0.3625 0.059375 0.0765625
22 0.5453125 0.3734375 0.0625 0.0796875
22 0.60859375 0.36953125 0.059375 0.0765625
18 0.85234375 0.32734375 0.0609375 0.075