16 0.70078125 0.3140625 0.0796875 0.09375
16 0.7625 0.29765625 0.0796875 0.0953125
0 0.2609375 0.453125 0.08125 0.0984375
20 0.19140625 0.471875 0.084375 0.1
18 0.865625 0.26015625 0.0703125 0.0828125
0 0.3265625 0.428125 0.0796875 0.09375
20 0.1203125 0.5 0.0859375 0.1078125
18 0.9234375 0.2453125 0.0734375 0.0828125
20 0.04609375 0.52265625 0.084375 0.1109375
0 0.39765625 0.41171875 0.0796875 0.09375
22 0.46015625 0.390625 0.075 0.0890625
22 0.640625 0.3328125 0.071875 0.0859375
22 0.5203125 0.3671875 0.075 0.0890625
22 0.58203125 0.3515625 0.071875 0.0859375
18 0.8125 0.26328125 0.0734375 0.084375