5 0.29375 0.4640625 0.0734375 0.096875
31 0.4640625 0.5609375 0.0859375 0.11875
5 0.365625 0.46015625 0.0734375 0.0953125
36 0.8265625 0.446875 0.059375 0.0734375
36 0.8828125 0.44375 0.0625 0.0765625
31 0.534375 0.5375 0.0765625 0.096875
31 0.60390625 0.546875 0.071875 0.0921875
35 0.7671875 0.44609375 0.0625 0.0796875
22 0.22421875 0.45859375 0.071875 0.0890625
35 0.70859375 0.44921875 0.0625 0.0828125
35 0.6453125 0.45 0.065625 0.0796875
22 0.07734375 0.4671875 0.075 0.0984375
22 0.15234375 0.46328125 0.071875 0.0953125
5 0.434375 0.459375 0.0796875 0.0984375