26 0.6015625 0.42890625 0.109375 0.134375
29 0.32109375 0.64609375 0.1265625 0.159375
5 0.51484375 0.59453125 0.1203125 0.15625
28 0.21640625 0.67265625 0.14375 0.178125
5 0.42265625 0.61796875 0.1203125 0.1546875
25 0.51015625 0.446875 0.1 0.1328125
7 0.69609375 0.54140625 0.1375 0.165625
32 0.33828125 0.4890625 0.103125 0.13125
8 0.7875 0.5203125 0.1375 0.1609375
24 0.428125 0.471875 0.10625 0.1390625
34 0.6765625 0.41015625 0.090625 0.125
6 0.60625 0.56328125 0.1234375 0.15625
34 0.75625 0.38828125 0.09375 0.11875
32 0.2421875 0.51328125 0.115625 0.14375
32 0.14375 0.53203125 0.1015625 0.1359375
34 0.83125 0.3671875 0.0875 0.109375
37 0.1484375 0.1015625 0.0953125 0.090625