7 0.3890625 0.75703125 0.1171875 0.1125
21 0.190625 0.8921875 0.1125 0.11875
21 0.32734375 0.803125 0.115625 0.1140625
7 0.4578125 0.70859375 0.1203125 0.1109375
8 0.8546875 0.40078125 0.11875 0.0671875
21 0.26015625 0.8515625 0.1125 0.1171875
7 0.51328125 0.6546875 0.1203125 0.0984375
8 0.9078125 0.3609375 0.115625 0.0625
13 0.56953125 0.609375 0.0953125 0.059375
13 0.63984375 0.57421875 0.090625 0.0546875
2 0.6984375 0.52890625 0.1015625 0.0625
2 0.75703125 0.48125 0.109375 0.0546875
2 0.81484375 0.44296875 0.115625 0.05
8 0.94296875 0.31953125 0.090625 0.05625