7 0.39375 0.75859375 0.11875 0.1140625
21 0.19765625 0.89765625 0.1140625 0.1203125
21 0.3328125 0.80625 0.1171875 0.115625
7 0.46171875 0.709375 0.121875 0.1125
8 0.85234375 0.39453125 0.11875 0.06875
21 0.26640625 0.85625 0.1140625 0.1203125
7 0.51640625 0.6546875 0.1203125 0.1
8 0.90546875 0.35390625 0.1171875 0.0640625
13 0.57109375 0.6078125 0.0953125 0.0609375
13 0.64140625 0.571875 0.0921875 0.05625
2 0.69921875 0.52578125 0.1015625 0.0640625
2 0.75703125 0.4765625 0.1109375 0.05625
2 0.8140625 0.4375 0.115625 0.053125
8 0.93984375 0.31171875 0.090625 0.0578125