16 0.8125 0.33984375 0.06875 0.084375
16 0.7515625 0.35078125 0.0671875 0.0859375
18 0.96953125 0.31484375 0.0421875 0.0734375
0 0.30390625 0.4109375 0.0671875 0.0875
0 0.43671875 0.39375 0.0640625 0.084375
20 0.23203125 0.41796875 0.0671875 0.084375
18 0.92265625 0.31953125 0.0640625 0.075
20 0.1625 0.43671875 0.0671875 0.09375
22 0.5640625 0.37265625 0.0625 0.078125
0 0.37109375 0.396875 0.0640625 0.0828125
22 0.50078125 0.38359375 0.0609375 0.0796875
22 0.6890625 0.35390625 0.0640625 0.0796875
22 0.6265625 0.36484375 0.0609375 0.078125
18 0.8703125 0.31796875 0.065625 0.075
20 0.090625 0.4421875 0.06875 0.0953125