5 0.290625 0.5078125 0.0765625 0.1
31 0.47734375 0.5671875 0.090625 0.1203125
5 0.36015625 0.4890625 0.0765625 0.0984375
36 0.8078125 0.38046875 0.0609375 0.075
36 0.86328125 0.365625 0.0640625 0.078125
31 0.54140625 0.5296875 0.0796875 0.0984375
31 0.61171875 0.52421875 0.075 0.0953125
35 0.75 0.39140625 0.065625 0.08125
22 0.221875 0.5171875 0.075 0.090625
35 0.69296875 0.40703125 0.065625 0.084375
35 0.63203125 0.42109375 0.0671875 0.08125
22 0.0796875 0.55546875 0.078125 0.1
22 0.15234375 0.53671875 0.075 0.096875
5 0.42734375 0.4734375 0.0828125 0.1