19 0.16328125 0.65234375 0.0796875 0.1125
26 0.88515625 0.46875 0.071875 0.0875
21 0.3625 0.59296875 0.0734375 0.096875
26 0.775 0.48828125 0.0703125 0.0875
20 0.23046875 0.62890625 0.078125 0.1
20 0.3 0.62578125 0.078125 0.10625
26 0.8375 0.48203125 0.071875 0.090625
25 0.72265625 0.49453125 0.065625 0.090625
18 0.090625 0.66171875 0.0828125 0.1109375
24 0.6625 0.51796875 0.071875 0.0921875
22 0.42734375 0.5734375 0.0734375 0.096875
23 0.54375 0.5375 0.071875 0.096875
23 0.48125 0.5515625 0.0734375 0.1015625
23 0.59921875 0.5234375 0.0671875 0.0921875