19 0.13125 0.51484375 0.0828125 0.1140625
26 0.86953125 0.61484375 0.075 0.0890625
21 0.3375 0.53515625 0.0765625 0.0984375
26 0.759375 0.5921875 0.0734375 0.0890625
20 0.20234375 0.51875 0.0796875 0.1015625
20 0.2671875 0.54140625 0.08125 0.1078125
26 0.81953125 0.609375 0.0734375 0.0921875
25 0.70859375 0.57890625 0.06875 0.0921875
18 0.06015625 0.496875 0.0859375 0.1125
24 0.64375 0.578125 0.0734375 0.09375
22 0.40546875 0.540625 0.0765625 0.0984375
23 0.5265625 0.5515625 0.075 0.0984375
23 0.46328125 0.540625 0.0765625 0.103125
23 0.58359375 0.559375 0.06875 0.09375