15 0.8765625 0.38515625 0.0671875 0.0734375
11 0.6625 0.43515625 0.0671875 0.075
5 0.203125 0.68203125 0.08125 0.096875
13 0.77265625 0.4140625 0.06875 0.075
5 0.27109375 0.68203125 0.0828125 0.1078125
36 0.3953125 0.51328125 0.0625 0.071875
12 0.71953125 0.4265625 0.06875 0.075
39 0.07109375 0.72578125 0.0875 0.10625
14 0.825 0.4 0.0640625 0.0734375
28 0.1359375 0.6953125 0.0859375 0.1
36 0.3359375 0.5296875 0.06875 0.08125
10 0.61171875 0.45546875 0.0625 0.075
35 0.559375 0.46875 0.05625 0.0671875
35 0.50625 0.48359375 0.05625 0.0703125
35 0.45234375 0.50234375 0.0578125 0.0703125
5 0.33359375 0.653125 0.084375 0.1078125