15 0.8921875 0.465625 0.0578125 0.065625
11 0.671875 0.4703125 0.0578125 0.0671875
5 0.171875 0.615625 0.0703125 0.0890625
13 0.784375 0.47265625 0.059375 0.0671875
5 0.23828125 0.63046875 0.0703125 0.0984375
36 0.39453125 0.490625 0.053125 0.065625
12 0.7296875 0.4734375 0.059375 0.0671875
39 0.03515625 0.63125 0.0703125 0.096875
14 0.8390625 0.46953125 0.0546875 0.0671875
28 0.10390625 0.61484375 0.075 0.0921875
36 0.33359375 0.4953125 0.059375 0.075
10 0.61875 0.4796875 0.0546875 0.06875
35 0.56484375 0.48203125 0.0484375 0.0609375
35 0.509375 0.48515625 0.0484375 0.0640625
35 0.45234375 0.4921875 0.05 0.0640625
5 0.30546875 0.61484375 0.071875 0.1