33 0.61640625 0.465625 0.0578125 0.06875
15 0.73359375 0.4828125 0.0640625 0.078125
33 0.49921875 0.4515625 0.0578125 0.0640625
33 0.675 0.471875 0.0578125 0.0671875
33 0.5578125 0.459375 0.05625 0.0609375
15 0.7890625 0.48984375 0.0640625 0.078125
11 0.1171875 0.41484375 0.071875 0.090625
13 0.2484375 0.42109375 0.0703125 0.084375
12 0.18515625 0.4125 0.075 0.0890625
16 0.84609375 0.49765625 0.0609375 0.075
16 0.9515625 0.509375 0.0625 0.075
16 0.896875 0.50546875 0.0640625 0.078125
17 0.37890625 0.4390625 0.065625 0.078125
17 0.43984375 0.44609375 0.0609375 0.0765625
17 0.3125 0.42890625 0.0640625 0.0796875
40 0.04296875 0.40625 0.08125 0.0984375