26 0.7859375 0.41640625 0.059375 0.0734375
26 0.72890625 0.41015625 0.059375 0.0734375
25 0.609375 0.40546875 0.0546875 0.0734375
25 0.55 0.40078125 0.053125 0.075
14 0.95859375 0.42734375 0.0609375 0.075
14 0.84296875 0.42265625 0.0578125 0.0734375
25 0.671875 0.4109375 0.053125 0.0734375
39 0.0296875 0.3796875 0.0546875 0.0875
34 0.23046875 0.38984375 0.0546875 0.078125
34 0.29609375 0.38984375 0.05625 0.0796875
34 0.1640625 0.38828125 0.0546875 0.0765625
34 0.09296875 0.38359375 0.053125 0.08125
37 0.3640625 0.3953125 0.0609375 0.0828125
37 0.4265625 0.3984375 0.059375 0.08125
14 0.89765625 0.4265625 0.059375 0.0734375
37 0.49140625 0.39921875 0.05625 0.0796875