26 0.79765625 0.4828125 0.0734375 0.084375
26 0.74375 0.4640625 0.075 0.084375
25 0.628125 0.43203125 0.0703125 0.0828125
25 0.57109375 0.41484375 0.0671875 0.084375
14 0.9625 0.5328125 0.075 0.0859375
14 0.8515625 0.5015625 0.071875 0.0828125
25 0.6875 0.4515625 0.0671875 0.0828125
39 0.06875 0.2765625 0.071875 0.096875
34 0.26171875 0.33203125 0.0703125 0.0875
34 0.32578125 0.346875 0.071875 0.0890625
34 0.19765625 0.315625 0.06875 0.0859375
34 0.1296875 0.29453125 0.06875 0.0890625
37 0.390625 0.3671875 0.0765625 0.09375
37 0.4515625 0.384375 0.075 0.090625
14 0.90390625 0.51796875 0.075 0.084375
37 0.5140625 0.39921875 0.071875 0.0890625