5 0.4515625 0.425 0.0578125 0.08125
7 0.38671875 0.4203125 0.0578125 0.08125
7 0.31796875 0.4203125 0.0578125 0.084375
5 0.509375 0.42734375 0.059375 0.0796875
3 0.97890625 0.4328125 0.0421875 0.071875
30 0.18359375 0.41640625 0.0640625 0.090625
7 0.25390625 0.41953125 0.0609375 0.0875
5 0.56953125 0.42109375 0.059375 0.08125
1 0.81875 0.42421875 0.053125 0.078125
3 0.92109375 0.43515625 0.059375 0.075
1 0.8671875 0.43046875 0.0515625 0.0765625
41 0.11796875 0.41640625 0.0671875 0.0890625
0 0.7546875 0.42109375 0.059375 0.075
0 0.6921875 0.41953125 0.059375 0.075
0 0.63515625 0.4140625 0.053125 0.071875
28 0.0484375 0.41328125 0.075 0.0890625