5 0.43671875 0.43671875 0.065625 0.0859375
7 0.37265625 0.44609375 0.065625 0.0859375
7 0.30546875 0.459375 0.065625 0.0890625
5 0.49375 0.42734375 0.065625 0.084375
3 0.9578125 0.33515625 0.0546875 0.0765625
30 0.1734375 0.48359375 0.0734375 0.0953125
7 0.2421875 0.47265625 0.06875 0.0921875
5 0.5515625 0.4078125 0.0671875 0.0859375
1 0.79609375 0.36015625 0.0609375 0.0828125
3 0.8984375 0.34921875 0.0671875 0.0796875
1 0.8453125 0.35625 0.059375 0.0796875
41 0.10859375 0.49765625 0.075 0.0953125
0 0.7328125 0.36953125 0.0671875 0.0796875
0 0.67109375 0.38125 0.0671875 0.0796875
0 0.6140625 0.3875 0.0609375 0.0765625
28 0.040625 0.50859375 0.08125 0.0953125