33 0.42578125 0.440625 0.0703125 0.084375
33 0.35390625 0.43828125 0.078125 0.0953125
24 0.74765625 0.4453125 0.08125 0.096875
25 0.8109375 0.446875 0.0765625 0.09375
21 0.9703125 0.45078125 0.059375 0.0859375
20 0.925 0.45078125 0.078125 0.0828125
23 0.5578125 0.44765625 0.078125 0.0984375
23 0.62265625 0.44296875 0.078125 0.0953125
40 0.0515625 0.44296875 0.103125 0.1296875
23 0.6875 0.44140625 0.0765625 0.0953125
34 0.125 0.4453125 0.1 0.1265625
19 0.86796875 0.44765625 0.0734375 0.0859375
23 0.490625 0.4453125 0.08125 0.0984375
34 0.28125 0.4390625 0.08125 0.1
34 0.2078125 0.44453125 0.0953125 0.11875