15 0.48125 0.5375 0.11875 0.0953125
15 0.68515625 0.49375 0.1203125 0.0875
12 0.39921875 0.4421875 0.10625 0.0796875
11 0.31640625 0.446875 0.1078125 0.084375
16 0.5609375 0.51953125 0.121875 0.0921875
12 0.6546875 0.38515625 0.1078125 0.0703125
16 0.75625 0.484375 0.1203125 0.084375
34 0.1421875 0.5265625 0.1171875 0.0875
34 0.240625 0.53515625 0.1109375 0.0859375
11 0.58984375 0.3984375 0.103125 0.071875
13 0.72421875 0.37265625 0.1140625 0.0703125
10 0.22890625 0.4484375 0.1046875 0.084375
14 0.38515625 0.54453125 0.1203125 0.1
17 0.84140625 0.4734375 0.1265625 0.0828125