15 0.7828125 0.3265625 0.053125 0.071875
11 0.20859375 0.37421875 0.0640625 0.0828125
11 0.4359375 0.35859375 0.053125 0.0765625
13 0.5484375 0.35 0.0578125 0.0734375
14 0.72109375 0.3328125 0.05625 0.0734375
16 0.834375 0.32265625 0.05 0.0671875
12 0.49296875 0.353125 0.05625 0.0734375
10 0.30234375 0.36796875 0.0578125 0.0796875
14 0.66875 0.3375 0.0546875 0.0703125
10 0.14375 0.3796875 0.059375 0.0796875
9 0.075 0.38828125 0.0625 0.0859375
10 0.3625 0.3640625 0.05625 0.0765625
17 0.884375 0.3203125 0.053125 0.06875
14 0.6125 0.34375 0.05625 0.075