15 0.63203125 0.47578125 0.0703125 0.0875
16 0.69375 0.4828125 0.071875 0.0890625
13 0.515625 0.46953125 0.075 0.0953125
11 0.390625 0.46484375 0.0765625 0.1
11 0.328125 0.4578125 0.0765625 0.1
2 0.809375 0.48671875 0.071875 0.0921875
31 0.19453125 0.45234375 0.08125 0.0984375
11 0.45390625 0.465625 0.075 0.0953125
31 0.12734375 0.45234375 0.08125 0.0984375
16 0.7484375 0.48671875 0.0703125 0.0890625
31 0.2640625 0.45546875 0.08125 0.1
2 0.909375 0.4921875 0.06875 0.0875
14 0.57421875 0.47109375 0.0734375 0.0921875
2 0.86015625 0.4921875 0.0734375 0.0921875
39 0.0546875 0.45 0.0921875 0.1078125