15 0.52578125 0.1265625 0.0390625 0.040625
1 0.9234375 0.41171875 0.0546875 0.0671875
7 0.27890625 0.496875 0.0578125 0.0765625
1 0.825 0.42265625 0.0515625 0.0671875
1 0.8796875 0.4140625 0.0515625 0.065625
11 0.4828125 0.1265625 0.0390625 0.0421875
17 0.7765625 0.4296875 0.0546875 0.0671875
7 0.21328125 0.50390625 0.0609375 0.0765625
7 0.33828125 0.490625 0.05625 0.0734375
0 0.6171875 0.44765625 0.0515625 0.0609375
0 0.67109375 0.43984375 0.0515625 0.0625
20 0.44296875 0.1296875 0.0390625 0.0390625
0 0.5640625 0.4546875 0.0515625 0.065625
25 0.48984375 0.16875 0.0390625 0.0421875
17 0.72421875 0.4359375 0.0546875 0.0671875
22 0.51171875 0.46796875 0.0515625 0.0671875
22 0.45703125 0.475 0.053125 0.0640625
22 0.39765625 0.47734375 0.0515625 0.0609375
38 0.0609375 0.521875 0.065625 0.0796875
23 0.5625 0.125 0.040625 0.040625
40 0.128125 0.515625 0.065625 0.084375
25 0.446875 0.171875 0.0390625 0.0421875
25 0.4 0.13125 0.040625 0.0421875
13 0.615625 0.1609375 0.0453125 0.040625
35 0.53359375 0.1671875 0.0390625 0.0421875
18 0.503125 0.21796875 0.04375 0.0453125
36 0.57109375 0.1640625 0.0359375 0.040625
23 0.60625 0.1203125 0.0421875 0.0390625