15 0.57109375 0.13203125 0.040625 0.0421875
1 0.93125 0.4640625 0.0578125 0.0703125
7 0.28046875 0.46953125 0.0609375 0.0796875
1 0.83203125 0.46328125 0.05625 0.0703125
1 0.8875 0.4609375 0.0546875 0.0671875
11 0.52890625 0.12734375 0.040625 0.04375
17 0.7828125 0.46328125 0.0578125 0.0703125
7 0.21484375 0.46875 0.0640625 0.0796875
7 0.340625 0.47109375 0.059375 0.0765625
0 0.62265625 0.46171875 0.0546875 0.0640625
0 0.67734375 0.46171875 0.0546875 0.065625
20 0.4890625 0.12578125 0.040625 0.040625
0 0.56875 0.46328125 0.0546875 0.06875
25 0.53046875 0.1703125 0.040625 0.04375
17 0.73046875 0.4640625 0.059375 0.0703125
22 0.51484375 0.4703125 0.05625 0.0703125
22 0.46015625 0.46953125 0.0546875 0.0671875
22 0.40078125 0.46484375 0.0546875 0.0640625
38 0.0609375 0.46796875 0.06875 0.0828125
23 0.6078125 0.13515625 0.0421875 0.0421875
40 0.1296875 0.4703125 0.0703125 0.0875
25 0.4875 0.16796875 0.040625 0.04375
25 0.44609375 0.121875 0.0421875 0.04375
13 0.65625 0.17734375 0.046875 0.0421875
35 0.57421875 0.17421875 0.040625 0.04375
18 0.5375 0.2203125 0.0453125 0.046875
36 0.61171875 0.175 0.0375 0.0421875
23 0.6515625 0.1359375 0.04375 0.040625