28 0.0265625 0.4265625 0.0515625 0.1
11 0.48515625 0.396875 0.05625 0.0765625
31 0.78203125 0.37890625 0.053125 0.0703125
24 0.66328125 0.3890625 0.0640625 0.0796875
34 0.89296875 0.3765625 0.05 0.065625
31 0.72421875 0.384375 0.0578125 0.075
20 0.22109375 0.41171875 0.0625 0.08125
40 0.0796875 0.42109375 0.08125 0.0953125
10 0.421875 0.4 0.059375 0.0796875
9 0.353125 0.403125 0.0640625 0.08125
22 0.54609375 0.3921875 0.053125 0.0671875
34 0.83515625 0.3765625 0.053125 0.0703125
21 0.2890625 0.40625 0.065625 0.075
34 0.946875 0.36953125 0.046875 0.0703125
19 0.15546875 0.415625 0.0703125 0.0890625
23 0.60625 0.3890625 0.053125 0.075