28 0.046875 0.3453125 0.0671875 0.1046875
11 0.503125 0.39609375 0.06875 0.0828125
31 0.7984375 0.4296875 0.0640625 0.078125
24 0.6796875 0.41875 0.075 0.0875
34 0.90859375 0.446875 0.059375 0.071875
31 0.74140625 0.425 0.06875 0.0828125
20 0.240625 0.36484375 0.075 0.0890625
40 0.09921875 0.34921875 0.0953125 0.10625
10 0.43984375 0.3875 0.0703125 0.0875
9 0.37265625 0.37890625 0.075 0.090625
22 0.5640625 0.4015625 0.0640625 0.0734375
34 0.8515625 0.43671875 0.0640625 0.078125
21 0.30859375 0.37109375 0.0765625 0.084375
34 0.9625 0.4484375 0.0578125 0.075
19 0.17578125 0.35703125 0.0828125 0.0984375
23 0.6234375 0.409375 0.065625 0.08125