15 0.63359375 0.48203125 0.0734375 0.0890625
16 0.69453125 0.49296875 0.075 0.0921875
13 0.5171875 0.47109375 0.0796875 0.096875
11 0.39296875 0.459375 0.08125 0.1015625
11 0.33125 0.44921875 0.08125 0.1015625
2 0.81015625 0.503125 0.0765625 0.0953125
31 0.19765625 0.43671875 0.084375 0.1015625
11 0.45546875 0.46328125 0.078125 0.096875
31 0.13046875 0.4328125 0.084375 0.1015625
16 0.7484375 0.49921875 0.0734375 0.090625
31 0.2671875 0.44296875 0.084375 0.103125
2 0.90859375 0.51328125 0.071875 0.0890625
14 0.57578125 0.475 0.0765625 0.09375
2 0.86015625 0.5109375 0.0765625 0.09375
39 0.0578125 0.4265625 0.0953125 0.109375