15 0.47890625 0.53671875 0.121875 0.1
15 0.68515625 0.503125 0.1234375 0.0921875
12 0.40234375 0.43671875 0.109375 0.084375
11 0.31875 0.4375 0.1109375 0.0890625
16 0.559375 0.52265625 0.125 0.0984375
12 0.6609375 0.39375 0.1109375 0.075
16 0.75703125 0.49765625 0.1234375 0.090625
34 0.14140625 0.5078125 0.1203125 0.0921875
34 0.2390625 0.52109375 0.1140625 0.090625
11 0.59453125 0.403125 0.10625 0.0765625
13 0.73046875 0.384375 0.115625 0.075
10 0.23203125 0.434375 0.1078125 0.0890625
14 0.3828125 0.53828125 0.125 0.10625
17 0.84296875 0.49140625 0.128125 0.0890625