15 0.7671875 0.30234375 0.0578125 0.0765625
11 0.19921875 0.4 0.0703125 0.0875
11 0.4234375 0.36484375 0.059375 0.0796875
13 0.53515625 0.34609375 0.0625 0.078125
14 0.70546875 0.3140625 0.0609375 0.078125
16 0.81796875 0.29375 0.0546875 0.0703125
12 0.48046875 0.3546875 0.0609375 0.078125
10 0.29140625 0.38515625 0.0640625 0.084375
14 0.65390625 0.3234375 0.059375 0.075
10 0.13515625 0.4109375 0.065625 0.084375
9 0.06640625 0.42578125 0.06875 0.090625
10 0.35078125 0.3765625 0.0625 0.08125
17 0.8671875 0.2875 0.0578125 0.071875
14 0.5984375 0.334375 0.0609375 0.0796875