26 0.54921875 0.50546875 0.0734375 0.09375
17 0.9296875 0.528125 0.06875 0.0796875
26 0.60625 0.5078125 0.06875 0.0875
26 0.6671875 0.51015625 0.071875 0.0875
31 0.29609375 0.48125 0.0734375 0.0984375
0 0.775 0.51171875 0.0671875 0.08125
31 0.228125 0.47890625 0.0765625 0.1
0 0.71875 0.50703125 0.065625 0.08125
34 0.4859375 0.49921875 0.065625 0.0890625
34 0.42734375 0.4984375 0.0671875 0.0921875
0 0.828125 0.51640625 0.065625 0.0796875
34 0.3640625 0.49375 0.06875 0.0921875
31 0.1578125 0.48203125 0.0734375 0.0984375
17 0.878125 0.5203125 0.0625 0.0796875
41 0.08203125 0.475 0.08125 0.1046875