15 0.75 0.49765625 0.0671875 0.08125
15 0.80625 0.49453125 0.0703125 0.08125
15 0.86640625 0.496875 0.0671875 0.08125
33 0.6296875 0.49765625 0.059375 0.0734375
33 0.69375 0.49765625 0.059375 0.0703125
11 0.1734375 0.48984375 0.075 0.0953125
13 0.50859375 0.49375 0.0640625 0.0796875
12 0.38359375 0.49453125 0.0671875 0.0859375
12 0.44765625 0.49375 0.0625 0.08125
12 0.2453125 0.4921875 0.071875 0.090625
12 0.31328125 0.49296875 0.0703125 0.090625
14 0.5703125 0.49609375 0.065625 0.08125
9 0.0328125 0.49140625 0.065625 0.0984375
10 0.103125 0.4921875 0.075 0.0953125