7 0.6484375 0.4796875 0.090625 0.11875
7 0.715625 0.48359375 0.0984375 0.11875
32 0.32890625 0.43359375 0.09375 0.121875
8 0.70859375 0.60078125 0.1015625 0.121875
13 0.9234375 0.6125 0.09375 0.1125
28 0.1015625 0.55078125 0.1109375 0.1453125
13 0.778125 0.6046875 0.0953125 0.1203125
13 0.84921875 0.60390625 0.09375 0.11875
32 0.56484375 0.4578125 0.0828125 0.1109375
32 0.409375 0.4375 0.08125 0.1015625
8 0.63203125 0.59453125 0.1 0.1234375
32 0.49140625 0.44375 0.0796875 0.0984375
8 0.546875 0.57265625 0.103125 0.1328125
22 0.1984375 0.53125 0.0984375 0.1328125
22 0.2859375 0.54921875 0.0953125 0.1234375
22 0.37578125 0.5703125 0.09375 0.121875
22 0.4625 0.56171875 0.0953125 0.1234375
5 0.11484375 0.02265625 0.1015625 0.0453125