7 0.64296875 0.4546875 0.08125 0.1125
7 0.709375 0.446875 0.0890625 0.1109375
32 0.31953125 0.4640625 0.0828125 0.115625
8 0.72265625 0.56328125 0.090625 0.1140625
13 0.93671875 0.5375 0.0828125 0.10625
28 0.11640625 0.61875 0.0984375 0.1359375
13 0.7921875 0.5546875 0.084375 0.1140625
13 0.86171875 0.5421875 0.0828125 0.1109375
32 0.55703125 0.446875 0.071875 0.1046875
32 0.4 0.45390625 0.071875 0.0953125
8 0.64609375 0.5703125 0.0875 0.115625
32 0.48203125 0.44609375 0.0703125 0.0921875
8 0.55859375 0.56328125 0.090625 0.125
22 0.2078125 0.5828125 0.0875 0.1265625
22 0.29765625 0.5859375 0.0828125 0.1171875
22 0.38984375 0.590625 0.0828125 0.115625
22 0.4734375 0.5671875 0.084375 0.1171875
5 0.03984375 0.07109375 0.0796875 0.0890625