41 0.03671875 0.4859375 0.0734375 0.1
7 0.7578125 0.4890625 0.0671875 0.0875
7 0.81875 0.49375 0.06875 0.0859375
4 0.57890625 0.49609375 0.0640625 0.0859375
4 0.51640625 0.4875 0.0625 0.0890625
34 0.3203125 0.48828125 0.0625 0.0890625
8 0.7015625 0.4875 0.06875 0.0859375
34 0.2515625 0.48671875 0.0640625 0.090625
18 0.3875 0.4859375 0.0640625 0.084375
3 0.87578125 0.49296875 0.0625 0.084375
8 0.63984375 0.496875 0.0671875 0.0921875
3 0.92421875 0.49296875 0.0703125 0.0859375
18 0.45390625 0.48515625 0.0671875 0.0890625
32 0.17734375 0.4828125 0.0609375 0.0828125
32 0.1109375 0.48359375 0.0609375 0.0859375