41 0.03984375 0.4453125 0.0796875 0.10625
7 0.75703125 0.5109375 0.075 0.0921875
7 0.81796875 0.52109375 0.075 0.090625
4 0.57890625 0.503125 0.0703125 0.0890625
4 0.51796875 0.4890625 0.0703125 0.0921875
34 0.32265625 0.47265625 0.0703125 0.0921875
8 0.70234375 0.50546875 0.075 0.090625
34 0.25390625 0.465625 0.0703125 0.09375
18 0.3890625 0.4765625 0.0703125 0.0890625
3 0.875 0.52578125 0.06875 0.0875
8 0.63984375 0.50859375 0.0734375 0.096875
3 0.9234375 0.53046875 0.0765625 0.090625
18 0.45546875 0.48125 0.0734375 0.09375
32 0.18046875 0.4546875 0.0671875 0.0859375
32 0.1140625 0.44921875 0.0671875 0.0890625