26 0.5484375 0.50703125 0.075 0.0953125
17 0.928125 0.54296875 0.0703125 0.08125
26 0.60625 0.51171875 0.071875 0.0875
26 0.66640625 0.51640625 0.075 0.0890625
31 0.296875 0.47421875 0.075 0.1
0 0.77421875 0.521875 0.06875 0.08125
31 0.2296875 0.46953125 0.0796875 0.1015625
0 0.71796875 0.5140625 0.06875 0.08125
34 0.4859375 0.4984375 0.06875 0.090625
34 0.42734375 0.49609375 0.06875 0.09375
0 0.82734375 0.528125 0.06875 0.08125
34 0.3640625 0.4890625 0.071875 0.09375
31 0.15859375 0.46953125 0.0765625 0.1
17 0.87734375 0.53359375 0.065625 0.08125
41 0.0828125 0.46015625 0.084375 0.10625