15 0.74921875 0.52421875 0.0734375 0.0859375
15 0.8046875 0.5265625 0.0765625 0.0875
15 0.86484375 0.53515625 0.0734375 0.0859375
33 0.6296875 0.51171875 0.065625 0.078125
33 0.69296875 0.51796875 0.065625 0.075
11 0.1765625 0.45625 0.0828125 0.1
13 0.509375 0.49453125 0.0703125 0.0828125
12 0.384375 0.4828125 0.075 0.090625
12 0.44921875 0.48828125 0.0703125 0.0859375
12 0.24765625 0.465625 0.0796875 0.0953125
12 0.31484375 0.4734375 0.0765625 0.0953125
14 0.5703125 0.50390625 0.071875 0.0859375
9 0.0359375 0.4421875 0.071875 0.103125
10 0.10625 0.45078125 0.0828125 0.1015625