25 0.21171875 0.40546875 0.0703125 0.096875
34 0.71796875 0.49609375 0.0609375 0.0859375
25 0.078125 0.38359375 0.06875 0.0953125
25 0.1453125 0.39453125 0.0703125 0.096875
10 0.6578125 0.48671875 0.065625 0.0875
32 0.89453125 0.52734375 0.059375 0.0765625
34 0.83828125 0.51640625 0.0578125 0.08125
32 0.95078125 0.534375 0.0609375 0.0796875
10 0.5359375 0.46484375 0.0640625 0.0875
34 0.7796875 0.5046875 0.059375 0.0828125
10 0.59609375 0.47578125 0.0640625 0.0890625
14 0.41171875 0.4390625 0.0671875 0.0890625
14 0.47421875 0.453125 0.0671875 0.090625
14 0.34609375 0.42890625 0.06875 0.090625
25 0.28125 0.4171875 0.0703125 0.0953125