25 0.19921875 0.53671875 0.0734375 0.0984375
34 0.69609375 0.4046875 0.0640625 0.0875
25 0.06875 0.57265625 0.0734375 0.0984375
25 0.134375 0.55390625 0.0734375 0.0984375
10 0.6375 0.42109375 0.06875 0.090625
32 0.86875 0.3578125 0.0625 0.078125
34 0.81328125 0.371875 0.0609375 0.0828125
32 0.9234375 0.340625 0.0640625 0.08125
10 0.51796875 0.453125 0.0671875 0.0890625
34 0.75625 0.3859375 0.0625 0.084375
10 0.57734375 0.4375 0.06875 0.090625
14 0.39375 0.48203125 0.0703125 0.090625
14 0.45625 0.46796875 0.0703125 0.0921875
14 0.33046875 0.50078125 0.0734375 0.0921875
25 0.26640625 0.5171875 0.0734375 0.096875