8 0.5984375 0.446875 0.0984375 0.165625
8 0.690625 0.44375 0.1015625 0.15
0 0.09921875 0.4953125 0.09375 0.146875
0 0.2046875 0.4921875 0.0953125 0.1421875
0 0.31171875 0.47421875 0.0890625 0.1328125
1 0.30625 0.65390625 0.09375 0.15
1 0.4046875 0.64296875 0.0890625 0.153125
2 0.5125 0.625 0.0984375 0.1484375
2 0.6109375 0.61875 0.0984375 0.1578125
2 0.709375 0.62265625 0.10625 0.15625
4 0.4078125 0.46484375 0.0921875 0.1421875
5 0.5046875 0.45546875 0.0953125 0.1421875
6 0.7828125 0.440625 0.0875 0.1359375
7 0.8703125 0.43046875 0.0859375 0.1375