16 0.55078125 0.390625 0.1125 0.13125
16 0.6484375 0.39921875 0.1140625 0.13125
18 0.3890625 0.57578125 0.14375 0.18125
16 0.453125 0.378125 0.1125 0.1359375
7 0.75625 0.41640625 0.1265625 0.13125
12 0.50625 0.58828125 0.1421875 0.1734375
0 0.35390625 0.35625 0.103125 0.115625
0 0.24921875 0.346875 0.1078125 0.128125
18 0.26796875 0.55546875 0.1421875 0.171875
0 0.14609375 0.33125 0.1109375 0.128125
12 0.7296875 0.6140625 0.1484375 0.171875
12 0.61796875 0.6015625 0.1421875 0.1734375
18 0.14453125 0.54140625 0.153125 0.178125
7 0.85234375 0.4265625 0.1328125 0.1296875