15 0.5015625 0.5015625 0.1171875 0.1359375
11 0.30625 0.5375 0.1171875 0.134375
11 0.109375 0.57578125 0.1203125 0.1359375
11 0.2078125 0.55625 0.121875 0.1375
11 0.4015625 0.51953125 0.11875 0.1375
14 0.77734375 0.33046875 0.11875 0.13125
9 0.18359375 0.3265625 0.1140625 0.1234375
15 0.8015625 0.44609375 0.1203125 0.1359375
17 0.9328125 0.5578125 0.128125 0.1609375
17 0.8984375 0.4296875 0.1234375 0.140625
14 0.58046875 0.36796875 0.1140625 0.1296875
15 0.6015625 0.4828125 0.11875 0.1359375
9 0.275 0.309375 0.1125 0.125
15 0.7015625 0.46328125 0.1203125 0.1375
14 0.48203125 0.384375 0.115625 0.1328125
9 0.3703125 0.2921875 0.1140625 0.125
14 0.678125 0.3484375 0.115625 0.13125
10 0.09921875 0.45703125 0.11875 0.1328125
10 0.19453125 0.4390625 0.11875 0.1328125
9 0.08984375 0.3453125 0.115625 0.121875
10 0.2890625 0.421875 0.1171875 0.1296875
17 0.846875 0.20390625 0.1171875 0.128125
17 0.871875 0.3140625 0.121875 0.134375
10 0.38515625 0.40390625 0.1171875 0.1296875
16 0.52265625 0.6265625 0.1203125 0.1453125
16 0.8296875 0.575 0.125 0.15625
16 0.625 0.61015625 0.1203125 0.1515625
13 0.46484375 0.2734375 0.1140625 0.1234375
13 0.5609375 0.25625 0.1140625 0.1265625
13 0.75234375 0.2203125 0.115625 0.128125
16 0.72734375 0.5921875 0.1234375 0.1546875
13 0.65703125 0.2375 0.115625 0.128125
12 0.32265625 0.66015625 0.1234375 0.1453125
12 0.4234375 0.64296875 0.121875 0.1453125
12 0.22265625 0.68046875 0.125 0.146875
12 0.1234375 0.7015625 0.125 0.15