19 0.1375 0.1703125 0.128125 0.240625
19 0.21484375 0.88671875 0.1296875 0.2265625
24 0.6796875 0.11875 0.128125 0.2375
24 0.73359375 0.59609375 0.1296875 0.240625
19 0.1890625 0.65703125 0.13125 0.2453125
20 0.24609375 0.165625 0.1328125 0.2375
18 0.1 0.89375 0.125 0.2125
19 0.1609375 0.409375 0.128125 0.2453125
26 0.93828125 0.57734375 0.1234375 0.2453125
24 0.75859375 0.84140625 0.1296875 0.2375
26 0.95546875 0.815625 0.0890625 0.24375
18 0.0421875 0.1828125 0.084375 0.240625
23 0.64296875 0.853125 0.1265625 0.2328125
23 0.56484375 0.13515625 0.13125 0.2421875
18 0.0734375 0.6625 0.125 0.246875
18 0.0546875 0.4203125 0.109375 0.24375
20 0.3234375 0.88359375 0.13125 0.2328125
25 0.8640625 0.82734375 0.1234375 0.2375
22 0.54375 0.8640625 0.13125 0.2359375
24 0.7078125 0.35859375 0.128125 0.240625
22 0.4921875 0.3859375 0.1296875 0.24375
26 0.890625 0.109375 0.128125 0.21875
22 0.46484375 0.14375 0.13125 0.2390625
20 0.27109375 0.40390625 0.13125 0.240625
23 0.59140625 0.37109375 0.1265625 0.240625
26 0.91484375 0.3375 0.1296875 0.2421875
22 0.51640625 0.62109375 0.13125 0.2421875
25 0.840625 0.58828125 0.1265625 0.24375
23 0.61640625 0.609375 0.1265625 0.2421875
25 0.7828125 0.11171875 0.125 0.2234375
25 0.8109375 0.346875 0.1140625 0.2359375
20 0.2953125 0.64375 0.1296875 0.246875
21 0.353125 0.15390625 0.128125 0.24375
21 0.378125 0.39609375 0.128125 0.2421875
21 0.40390625 0.634375 0.1265625 0.240625
21 0.43203125 0.8765625 0.128125 0.240625