12 0.40625 0.63046875 0.140625 0.2515625
12 0.36953125 0.39375 0.1421875 0.25
12 0.33359375 0.1609375 0.1390625 0.246875
14 0.6171875 0.59296875 0.1453125 0.2515625
15 0.759375 0.815625 0.14375 0.25
11 0.3046875 0.646875 0.1453125 0.2484375
15 0.6890625 0.3375 0.1421875 0.2515625
11 0.23125 0.17734375 0.1453125 0.2484375
11 0.3390625 0.878125 0.14375 0.24375
15 0.72578125 0.5828125 0.1421875 0.2515625
13 0.51640625 0.61015625 0.146875 0.25
13 0.43984375 0.14140625 0.1421875 0.246875
17 0.865625 0.0984375 0.14375 0.196875
12 0.4421875 0.87265625 0.1421875 0.2484375
17 0.9328125 0.54296875 0.134375 0.2546875
17 0.94921875 0.77890625 0.1015625 0.2515625
13 0.54609375 0.85234375 0.1421875 0.25
16 0.87109375 0.79375 0.14375 0.2484375
11 0.26328125 0.4125 0.1421875 0.2515625
13 0.47890625 0.37578125 0.1421875 0.2546875
14 0.58203125 0.35390625 0.14375 0.2515625
9 0.03828125 0.20078125 0.0765625 0.2515625
10 0.190625 0.6640625 0.1421875 0.25
16 0.83828125 0.5578125 0.1453125 0.253125
16 0.7640625 0.10703125 0.140625 0.2140625
17 0.903125 0.30703125 0.1453125 0.25
10 0.115625 0.19296875 0.1421875 0.25
14 0.54609375 0.1234375 0.14375 0.246875
15 0.6546875 0.11171875 0.140625 0.2234375
16 0.79765625 0.3234375 0.134375 0.2375
10 0.15703125 0.42890625 0.1359375 0.24375
9 0.06015625 0.43984375 0.1203125 0.2390625
9 0.08671875 0.67734375 0.1359375 0.2453125
10 0.23046875 0.88828125 0.1390625 0.2234375
9 0.121875 0.8953125 0.134375 0.209375
14 0.65546875 0.83359375 0.1375 0.2421875
15 0.759375 0.81484375 0.1359375 0.2390625