32 0.7140625 0.76796875 0.1421875 0.11875
14 0.671875 0.07734375 0.121875 0.1078125
8 0.946875 0.34765625 0.10625 0.1078125
38 0.5 0.95 0.128125 0.1
7 0.84453125 0.33125 0.11875 0.103125
17 0.96796875 0.12734375 0.0640625 0.1078125
5 0.63515625 0.2984375 0.115625 0.1
24 0.71484375 0.540625 0.121875 0.103125
37 0.8390625 0.790625 0.140625 0.11875
26 0.93515625 0.57421875 0.1265625 0.1078125
2 0.32578125 0.24921875 0.1078125 0.0953125
9 0.13828125 0.02421875 0.1234375 0.0484375
35 0.2234375 0.69296875 0.1375 0.11875
3 0.4296875 0.265625 0.1125 0.0984375
41 0.83984375 0.9765625 0.1328125 0.046875
28 0.16015625 0.903125 0.13125 0.1140625
11 0.353125 0.040625 0.121875 0.08125
10 0.2484375 0.03359375 0.121875 0.0671875
15 0.7796875 0.09296875 0.121875 0.1078125
25 0.82265625 0.55859375 0.121875 0.1046875
0 0.11484375 0.215625 0.1140625 0.096875
16 0.8890625 0.11171875 0.121875 0.1078125
31 0.0984375 0.67109375 0.1390625 0.1203125
21 0.39296875 0.49140625 0.1171875 0.1046875
19 0.178125 0.45625 0.11875 0.1015625
13 0.56796875 0.06171875 0.11875 0.10625
12 0.46015625 0.04765625 0.1203125 0.0953125
36 0.34453125 0.71328125 0.1359375 0.1171875
18 0.06875 0.44375 0.11875 0.1015625
22 0.4984375 0.50703125 0.1203125 0.1015625
33 0.465625 0.73046875 0.134375 0.1203125
1 0.22421875 0.2328125 0.109375 0.096875
20 0.2859375 0.47578125 0.11875 0.103125
39 0.61171875 0.95859375 0.1296875 0.0828125
34 0.590625 0.75 0.1375 0.11875
29 0.38359375 0.93984375 0.128125 0.1125
6 0.7390625 0.31640625 0.115625 0.1
4 0.53203125 0.2828125 0.1125 0.096875
40 0.72578125 0.9671875 0.1296875 0.065625
27 0.05703125 0.8859375 0.1140625 0.1125
41 0.27265625 0.91953125 0.1296875 0.1109375
23 0.60546875 0.52265625 0.109375 0.1046875