32 0.72734375 0.75625 0.1375 0.1125
14 0.65 0.06875 0.1171875 0.103125
8 0.94296875 0.3234375 0.1140625 0.103125
38 0.5234375 0.95078125 0.125 0.0984375
7 0.83515625 0.3140625 0.115625 0.0984375
17 0.959375 0.10234375 0.08125 0.1015625
5 0.62421875 0.29140625 0.1125 0.0953125
24 0.7171875 0.52890625 0.11875 0.0984375
37 0.85390625 0.771875 0.1359375 0.1125
26 0.93828125 0.5515625 0.1234375 0.1015625
2 0.31328125 0.25859375 0.1046875 0.090625
9 0.1125 0.0328125 0.11875 0.065625
35 0.23359375 0.70703125 0.1328125 0.1140625
3 0.4171875 0.26953125 0.109375 0.09375
41 0.865625 0.96875 0.128125 0.0625
28 0.18125 0.9203125 0.1265625 0.1078125
11 0.3296875 0.04375 0.11875 0.0875
10 0.2234375 0.0390625 0.11875 0.078125
15 0.7578125 0.07890625 0.11875 0.103125
25 0.82578125 0.54140625 0.1171875 0.1
0 0.1 0.23671875 0.1109375 0.0921875
16 0.86796875 0.09140625 0.11875 0.103125
31 0.10859375 0.6921875 0.134375 0.1140625
21 0.39296875 0.49765625 0.1140625 0.1
19 0.17578125 0.47265625 0.115625 0.096875
13 0.54453125 0.05859375 0.115625 0.1015625
12 0.43671875 0.04765625 0.1171875 0.0953125
36 0.35546875 0.72109375 0.13125 0.1125
18 0.06640625 0.46640625 0.115625 0.096875
22 0.4984375 0.50703125 0.115625 0.096875
33 0.478125 0.73203125 0.1296875 0.1140625
1 0.2109375 0.24765625 0.1046875 0.0921875
20 0.284375 0.48671875 0.1140625 0.0984375
39 0.6359375 0.95703125 0.125 0.0859375
34 0.60390625 0.7453125 0.1328125 0.1125
29 0.40703125 0.9453125 0.1234375 0.10625
6 0.72890625 0.30390625 0.1125 0.0953125
4 0.5203125 0.28125 0.1078125 0.0921875
40 0.7515625 0.9625 0.125 0.075
27 0.071875 0.91015625 0.121875 0.10625
41 0.2953125 0.93125 0.1265625 0.10625
23 0.60625 0.5171875 0.10625 0.1