6 0.8573656812499999 0.272410025 0.7950402875 0.22426703125 0.7538609484375 0.3221268953125 0.814978840625 0.373945115625 0.8171403984375001 0.3734856625 0.857900390625 0.2749256375 0.8573656812499999 0.272410025
26 0.5890287296875 0.4904802765625 0.5887210953124999 0.48903296718749995 0.5038963140625 0.45185292656250003 0.48967174687500004 0.5340766953125 0.4896875265625 0.534150934375 0.5744179375 0.5720393734375 0.575270746875 0.5718581031250001 0.5890287296875 0.4904802765625
25 0.6726030953125 0.5454823078125 0.6125891046875 0.49646191406250006 0.5699317078125 0.59199755 0.6277705 0.6405692953125001 0.6313549578125001 0.6398073953125001 0.673350546875 0.5489987875 0.6726030953125 0.5454823078125
24 0.6890912828125 0.6606291843750001 0.5999280046875 0.6553493031250001 0.607071753125 0.742101434375 0.6890196984375 0.747355915625 0.6958717484375 0.7458994671875 0.6930734921874999 0.679364 0.6890912828125 0.6606291843750001
23 0.5848796265625 0.3958081859375 0.5621074953125 0.333913596875 0.48381217187500003 0.37271292968749997 0.510703784375 0.4514000328125 0.5212338937500001 0.44916178906250004 0.589604128125 0.4180352140625 0.5848796265625 0.3958081859375
22 0.522581228125 0.5611450671875 0.464822246875 0.5208166921874999 0.4306139578125 0.6181214171875 0.4879515671875 0.6591068765625 0.49156752656249997 0.65833828125 0.5242241640625 0.568874475 0.522581228125 0.5611450671875
21 0.7473442234375 0.8294747828125001 0.7248556500000001 0.7434412140625 0.6590216859375 0.7635989453125 0.6909262890625001 0.8731458234374999 0.711814409375 0.8687059171874999 0.7530251125 0.8562012625 0.7473442234375 0.8294747828125001
20 0.6052063249999999 0.10064686249999999 0.5379672609374999 0.0884284078125 0.5340913109375001 0.2053509015625 0.5969342671875 0.21742120781250002 0.602099371875 0.21632333125 0.606736025 0.1078435359375 0.6052063249999999 0.10064686249999999
19 0.562257825 0.27435055468749997 0.49718394374999997 0.18650140937499998 0.45052515 0.24360037656250003 0.516152471875 0.3352285609375 0.5182084875 0.33479154218749996 0.5625192859375 0.275580634375 0.562257825 0.27435055468749997
18 0.4844192234375 0.4492438390625 0.4319305046875 0.3924675984375 0.38252902031249997 0.4775534046875 0.4352690390625 0.5329278765625001 0.437260903125 0.5325044921875 0.4849437640625 0.45171160625000006 0.4844192234375 0.4492438390625
17 0.28808049687500004 0.4198527375 0.235890625 0.3622914546875 0.1867609 0.44371839687500003 0.2379674390625 0.5013848953125 0.2419494796875 0.5005384875 0.2892176421875 0.42520258125000004 0.28808049687500004 0.4198527375
16 0.6576276640625001 0.873334571875 0.6099321468750001 0.7837961640625 0.5565904140625 0.8276856 0.6113190546875 0.925209821875 0.612133128125 0.9250367859375 0.66004994375 0.8847305015625 0.6576276640625001 0.873334571875
15 0.317848803125 0.5974776562499999 0.2828091703125 0.5260606640625001 0.21492473125 0.5834504421875 0.25267255 0.657999946875 0.25507522968749996 0.657489240625 0.318814215625 0.602019565625 0.317848803125 0.5974776562499999
14 0.2422004109375 0.29418642031250003 0.2275988484375 0.2310776625 0.16643853749999998 0.245878434375 0.1685777671875 0.2559427171875 0.1907626203125 0.3532752796875 0.2519936984375 0.3402602125 0.2422004109375 0.29418642031250003
13 0.3455701484375 0.18680121875 0.2860842984375 0.144073159375 0.250429228125 0.23933882187500002 0.30852268125000004 0.28511461250000003 0.30998358593750003 0.2848040875 0.3461639640625 0.189594896875 0.3455701484375 0.18680121875
12 0.5767864968749999 0.92888895625 0.5436422750000001 0.8560679828125 0.47166250625000006 0.906879359375 0.5069154296875 0.979349640625 0.50807333125 0.979103521875 0.5777214921875 0.9332877609375 0.5767864968749999 0.92888895625
11 0.4510111046875 0.02959335 0.45078905 0.029640549999999998 0.42528115624999996 0.1062557921875 0.507128965625 0.1662239984375 0.5074031734375 0.1661657140625 0.534532609375 0.0913072 0.5335630375 0.0867457203125 0.4510111046875 0.02959335
10 0.35316320625 0.3953735734375 0.3146840421875 0.2992863203125 0.2574130078125 0.3318358078125 0.2990598921875 0.4356848578125 0.307490409375 0.4338928953125 0.3556780859375 0.4072051484375 0.35316320625 0.3953735734375
9 0.601557425 0.7072425609375 0.5114318171875001 0.68654855625 0.5099864953125001 0.7693441328125 0.5891352109375 0.7893533125000001 0.5969152484375 0.7876996140625 0.6019845203124999 0.7092518906249999 0.601557425 0.7072425609375
6 0.51096616875 0.679350334375 0.45164326250000003 0.634420771875 0.417455846875 0.732503253125 0.47352241250000005 0.7739923906249999 0.47737558125 0.773173375 0.5112197625 0.680543403125 0.51096616875 0.679350334375
5 0.36254915468750004 0.4996526671875 0.2902507828125 0.4318684984375 0.25605011875 0.49855472812499996 0.333404209375 0.5689565796875 0.334267609375 0.5687730578125 0.3636267828125 0.5047225109375 0.36254915468750004 0.4996526671875
4 0.3595470328125 0.6809242546875 0.32803241562499996 0.61248746875 0.2556269640625 0.6610307093750001 0.28843032343749997 0.7318671625000001 0.293766925 0.7307328328125 0.36106892031250004 0.68808416875 0.3595470328125 0.6809242546875
3 0.3986929453125 0.690858640625 0.39565377968750004 0.691504634375 0.3212519125 0.726731540625 0.35006600625 0.8082208968750001 0.35319240625 0.8075563593749999 0.4241437375 0.774401978125 0.4191104796875 0.7507223609375 0.3986929453125 0.690858640625
2 0.3345404046875 0.0393738234375 0.313799171875 0.117077084375 0.3951687828125 0.1707414703125 0.4194255328125 0.09086609531249999 0.418899440625 0.08839102343750001 0.3345404046875 0.0393738234375
1 0.45491435625000004 0.2052214109375 0.3714741328125 0.16073898281250001 0.3536737546875 0.24209514531249998 0.4360194703125 0.2899624765625 0.4398105015625 0.2891566671875 0.456714821875 0.21369193593750002 0.45491435625000004 0.2052214109375
0 0.4442994546875 0.35819289374999996 0.37716555 0.28177721718750004 0.33684488749999997 0.344538634375 0.40642224843749997 0.424046134375 0.4076127828125 0.423793078125 0.445416134375 0.36344645937500003 0.4442994546875 0.35819289374999996
7 0.7773735078125 0.6100213765625 0.7123028984374999 0.5898697703125 0.6990758031250001 0.7005458171875001 0.7648767249999999 0.7216475625000001 0.7683602828125 0.7209071109375 0.779412615625 0.6196146296875 0.7773735078125 0.6100213765625
7 0.6076095078125 0.6229872234375 0.5280861328124999 0.5670007859374999 0.50079885625 0.641248859375 0.5814402734375 0.7015341187499999 0.5830686140625 0.7011880046875001 0.6089036796875 0.629075821875 0.6076095078125 0.6229872234375
8 0.7047823140625 0.388750021875 0.636110071875 0.3923253828125 0.6494576828125 0.5102499734375 0.7024261203125 0.5080900296874999 0.7187326484375001 0.5046239703125 0.7073354203125 0.4007614421875 0.7047823140625 0.388750021875
8 0.43992666406250003 0.6457441390625 0.407496040625 0.5703577703125 0.33189870625 0.6176029234375 0.3655628078125 0.693108446875 0.373014309375 0.69152458125 0.4404035234375 0.6479875828125 0.43992666406250003 0.6457441390625