5 0.2475634125 0.501394446875 0.264405328125 0.42593826874999996 0.26370090625 0.4192361359375 0.1833325578125 0.37948125625 0.1620133375 0.4596322421875 0.245018121875 0.50166196875 0.2475634125 0.501394446875
5 0.4174813234375 0.27772037968749996 0.47209623125 0.2494614578125 0.4720246046875 0.2487799765625 0.43570801875000004 0.1446351203125 0.37805014375 0.1745920828125 0.412227009375 0.2782726296875 0.4174813234375 0.27772037968749996
5 0.3192399390625 0.4278744609375 0.31976030781250003 0.4278197671875 0.3623171234375 0.370933378125 0.3621209890625 0.3690672828125 0.29817002656249997 0.29279570312500003 0.25620691562500003 0.3479355859375 0.256281728125 0.3486473671875 0.3192399390625 0.4278744609375
4 0.796516240625 0.48611706093749996 0.8642453421875 0.4677118390625 0.8634097671875001 0.45976187343749997 0.84648251875 0.38858298750000003 0.7686946781249999 0.402994734375 0.7859469078125 0.4872279421875 0.796516240625 0.48611706093749996
3 0.7382422703125 0.7059124109375 0.771519734375 0.6169042375 0.7705341328124999 0.6075268703125001 0.7205493484375001 0.5671850921875 0.6812855078125 0.662638925 0.7333364921875 0.7064280296875001 0.7382422703125 0.7059124109375
2 0.48765082812499994 0.47144692343749994 0.49262286875 0.3999151234375 0.4915490765625 0.389698665625 0.4108801640625 0.3718798234375 0.4016817078125 0.45368542500000003 0.4845599734375 0.471771784375 0.48765082812499994 0.47144692343749994
16 0.5982394578125 0.4472547359375 0.655047590625 0.4205788015625 0.6542097265625 0.41260705781249996 0.621433003125 0.3153041296875 0.561168865625 0.3447611328125 0.5939648515625 0.447704015625 0.5982394578125 0.4472547359375
16 0.519754003125 0.4617883171875 0.5268668109375 0.46104073124999995 0.5808951265625 0.43353597656250004 0.5463512453125 0.32773065 0.4865310421875 0.3542327984375 0.519754003125 0.4617883171875
16 0.398679103125 0.4926732859375 0.3954030765625 0.46150396718750003 0.309067025 0.471338803125 0.316560925 0.5565017078125 0.40435974531249996 0.5489273578125 0.398679103125 0.4926732859375
15 0.2401605015625 0.5995811390625 0.2587264109375 0.5213877953125 0.25819954375 0.5163749875 0.176468340625 0.47633531093750003 0.1551088703125 0.555899928125 0.2359350171875 0.60002525625 0.2401605015625 0.5995811390625
9 0.26926569218749996 0.7190683828125 0.3216310203125 0.6863907984375001 0.3204201625 0.6748702546875001 0.28549881250000003 0.5796626390624999 0.225596946875 0.6165190453125 0.26374261250000003 0.71964888125 0.26926569218749996 0.7190683828125
9 0.6633988125 0.1890291421875 0.6697702546875 0.127161221875 0.6683234125 0.1133954390625 0.5885586968750001 0.0904223078125 0.5797550921875 0.1696488671875 0.6592230421874999 0.1894680328125 0.6633988125 0.1890291421875
26 0.56871671875 0.33409580625 0.5919799546875 0.268972765625 0.591429046875 0.2637312375 0.5190054046875 0.21301757187499998 0.4933880828125 0.2825007453125 0.56445820625 0.33454339375000003 0.56871671875 0.33409580625
24 0.3441212796875 0.3372773515625 0.3980703046875 0.2626597234375 0.397521565625 0.257438821875 0.350734290625 0.20025766250000002 0.294191875 0.28044089375 0.343623 0.3373297234375 0.3441212796875 0.3372773515625
24 0.37383351249999996 0.6829401546875 0.45234946093749995 0.644558671875 0.45212779375 0.6424496484375 0.42687069062500005 0.561271665625 0.347374021875 0.6001427640625 0.37154679375 0.6831804984375001 0.37383351249999996 0.6829401546875
24 0.5725566765625001 0.7720309765625 0.6262822156250001 0.7597658859374999 0.6258809515625 0.7559481031249999 0.6027346734375 0.6425327640625 0.5407124343749999 0.658721103125 0.561734575 0.7731684249999999 0.5725566765625001 0.7720309765625
24 0.548258778125 0.5923364125 0.5575078546875 0.4940716671875 0.556453153125 0.48403685625000004 0.4949395703125 0.4696472046875 0.4822123359375 0.5768773296874999 0.5406461578124999 0.59313653125 0.548258778125 0.5923364125
21 0.33766960468749996 0.8485651234375 0.359067928125 0.7735137265625001 0.358358790625 0.7667667265625 0.28248981875 0.719830134375 0.2562177203125 0.8022653421875001 0.33265322343750003 0.849092365625 0.33766960468749996 0.8485651234375
20 0.20980615625 0.737886684375 0.2377470421875 0.6655883125 0.2372001109375 0.6603845984375 0.161812615625 0.6058337671875 0.13034562031250002 0.6815078375 0.20632057656249997 0.738253034375 0.20980615625 0.737886684375
19 0.555477915625 0.9529321890625001 0.5888438984375 0.852006534375 0.58841931875 0.8479669375000001 0.531087171875 0.8066478234375 0.49494401562499996 0.9122333765624999 0.5544189734375 0.9530434874999999 0.555477915625 0.9529321890625001
18 0.4856009 0.7858837171874999 0.554935075 0.76855494375 0.5513172203125001 0.7341333546875 0.54204543125 0.6804548984375 0.4579161765625 0.703964471875 0.47191281093750004 0.7873223921875 0.4856009 0.7858837171874999
36 0.7566214062500001 0.9270778359375 0.7855435749999999 0.8250725765625001 0.78524085625 0.822192403125 0.72503766875 0.7868162875 0.695869490625 0.892703309375 0.75456860625 0.92729359375 0.7566214062500001 0.9270778359375
36 0.837922509375 0.7284288359375 0.8577163140625 0.6597096734375001 0.85668383125 0.6498862515625 0.78382885 0.599544853125 0.7595303515625 0.6741355640625 0.835620059375 0.728670834375 0.837922509375 0.7284288359375
35 0.43110779218750006 0.08370373125 0.430353521875 0.0765273359375 0.354057384375 0.031885432812499996 0.3328428390625 0.105475875 0.411659478125 0.1506961453125 0.43110779218750006 0.08370373125
32 0.7225823765625 0.534736596875 0.73571445625 0.533356359375 0.785018525 0.521115434375 0.784178640625 0.5131244625 0.7644160796875 0.4115314453125 0.7027865984375 0.426342675 0.70291156875 0.427531678125 0.7225823765625 0.534736596875
34 0.6926654812499999 0.8411045796875 0.7299515875 0.74459260625 0.7296411968750001 0.7416394328125 0.67455549375 0.69593394375 0.6337501624999999 0.7952929703125 0.6900556531250001 0.841378884375 0.6926654812499999 0.8411045796875
34 0.6255858 0.6219155749999999 0.661936565625 0.560863425 0.6613942875000001 0.55570399375 0.594590671875 0.48611066718749996 0.555931325 0.5489813375 0.625187478125 0.6219574406249999 0.6255858 0.6219155749999999
29 0.4243894984375 0.979278990625 0.430937921875 0.9785907234375 0.49065002343749997 0.9654050062499999 0.4703266765625 0.8466759234375001 0.40479179531250004 0.8620237453125 0.4243894984375 0.979278990625