33 0.6089582859375 0.33772178125 0.6087190453125 0.3377469265625 0.5617596578125 0.39974230781250003 0.6293481296875 0.48169164374999995 0.6307000671874999 0.48154955 0.6754906359375 0.4207563125 0.675127590625 0.41730218125 0.6089582859375 0.33772178125
36 0.494545878125 0.305756021875 0.4943538421875 0.30577620625 0.4484087296875 0.3631692453125 0.5095606 0.4471486203125 0.509782259375 0.44712532187500004 0.55444806875 0.39021934062499997 0.5538651921875 0.38467364375 0.494545878125 0.305756021875
35 0.4959998921875 0.4320453578125 0.429062421875 0.422616078125 0.42761665468750004 0.42276803437500005 0.42086444375000004 0.5393237953125001 0.4208695140625 0.5393720375 0.487930084375 0.5484017999999999 0.4902125203125 0.54816190625 0.49632061250000004 0.43509680156249997 0.4959998921875 0.4320453578125
31 0.23815751093749998 0.7231832421875 0.18627518437499999 0.8294639640625 0.246844603125 0.884675646875 0.2970995171875 0.7818469343750001 0.2965105953125 0.776243721875 0.23815751093749998 0.7231832421875
37 0.49575523749999995 0.609094603125 0.4044904234375 0.6019875375 0.40291028906250004 0.6956994203125 0.4836087796875 0.7028244421875 0.49701092343750003 0.7014158203124999 0.496758121875 0.6186364140625 0.49575523749999995 0.609094603125
32 0.6140863703125 0.4942493484375 0.553946984375 0.45288210781249993 0.5166237515625001 0.5573633499999999 0.57972490625 0.5984558296875 0.5831053734375 0.598100528125 0.6147606 0.5006642203125 0.6140863703125 0.4942493484375
34 0.6982459046875 0.7119986546875 0.62830783125 0.6898178234375 0.6119940328125 0.8113563171875 0.68016135625 0.8345632828125 0.6848651593749999 0.8340688937499999 0.69833200625 0.7128178562499999 0.6982459046875 0.7119986546875
34 0.5261971984375 0.8389381890625 0.44726190312499997 0.7674673859375 0.4082910671875 0.8482049609375 0.4875992078125 0.9223599671875 0.48904063593749997 0.9222084671875 0.5265807703125 0.8425876328124999 0.5261971984375 0.8389381890625
25 0.6574709328125 0.8920778109375 0.5977628312500001 0.78786968125 0.5405353093749999 0.845955359375 0.6002325890625 0.951370496875 0.6044145859375 0.9509309515625001 0.6577948515625 0.8951596828125 0.6574709328125 0.8920778109375
21 0.5832937421875 0.26106939375 0.5257151328125 0.1832288828125 0.4781206421875 0.2406098140625 0.5393733375 0.3246110671875 0.5401039875 0.324534271875 0.584085365625 0.26860118437499997 0.5832937421875 0.26106939375
21 0.7803502109375 0.6204948531250001 0.7745682734375 0.7451073375 0.845440534375 0.7620367875 0.850771321875 0.6534248203125 0.8492035109374999 0.6385080875 0.7803502109375 0.6204948531250001
20 0.4243572515625 0.378230584375 0.34921399062499997 0.31324838125 0.3131633609375 0.3863942046875 0.3878985703125 0.450509175 0.3896085734375 0.4503294453125 0.4248619015625 0.38303200937500004 0.4243572515625 0.378230584375
22 0.4491302015625 0.21033125312499998 0.38123660312499996 0.1395005828125 0.3400162515625 0.20316499375000002 0.40889047187500005 0.2754811015625 0.41013078593749996 0.27535073906249996 0.449401009375 0.2129078171875 0.4491302015625 0.21033125312499998
26 0.5391107953125001 0.09481411875 0.46057448125 0.052226778125 0.43647715624999994 0.126764478125 0.513047671875 0.1686962296875 0.517105971875 0.1682696859375 0.539374253125 0.097320746875 0.5391107953125001 0.09481411875
6 0.53624324375 0.6485880296875 0.5359823515625 0.6486154515625 0.5175127374999999 0.7693169359375001 0.5867746578124999 0.7956743125 0.5884745953125 0.7954956421875 0.6063951249999999 0.6751894203125001 0.6062692328125 0.6739916453125 0.53624324375 0.6485880296875
7 0.7879827296874999 0.8795571796875 0.7480766171875 0.7930610203125 0.671049425 0.8518932625 0.7086275921875 0.936835509375 0.7098397703125 0.9367081046875001 0.7879827296874999 0.8795571796875
8 0.7792882890625 0.6021426671875 0.7107682203125 0.583664075 0.702557175 0.70649614375 0.7698193328125 0.7230179156250001 0.7733385390625 0.72264803125 0.7792882890625 0.6021426671875
5 0.85016213125 0.4084594484375 0.7938882453125 0.35613669375 0.7459098875 0.44636039843750003 0.8036492234375 0.49950731406250004 0.8053329796875 0.49933034374999996 0.850284890625 0.4096274203125 0.85016213125 0.4084594484375
2 0.3851491875 0.5881659578125 0.3226886109375 0.50189890625 0.27336632031249997 0.561109546875 0.33369861562500003 0.6525941546875 0.33419709375 0.6525417625000001 0.3856541859375 0.5929707015625 0.3851491875 0.5881659578125
17 0.2734086953125 0.586339984375 0.24736751406250002 0.5090910984375 0.164210353125 0.5543323296875 0.189549003125 0.6378938625 0.19603650625 0.6372119984375 0.2742912890625 0.5947373093749999 0.2734086953125 0.586339984375
12 0.636640303125 0.5632721609375 0.6270517109375 0.68410676875 0.7001369859375 0.70329501875 0.70746106875 0.5904019375 0.706288925 0.5792497375 0.636640303125 0.5632721609375
13 0.19147859218750002 0.4047503953125 0.10666779062500001 0.3927930609375 0.0976034203125 0.47747391875 0.182830328125 0.494058209375 0.186289315625 0.4936946546875 0.1927098265625 0.416464809375 0.19147859218750002 0.4047503953125
11 0.7053468374999999 0.27132473125 0.6861877546875 0.1781856421875 0.62015413125 0.1906503328125 0.6414163234375 0.29974595625 0.6418891578125 0.299696259375 0.706848471875 0.285611828125 0.7053468374999999 0.27132473125
9 0.333652046875 0.2476842171875 0.2498715265625 0.22226758593749998 0.2353253328125 0.3036425203125 0.315915509375 0.3308152578125 0.3224346859375 0.3301300640625 0.3342030015625 0.2529261953125 0.333652046875 0.2476842171875
8 0.21232404218749998 0.25927571718750003 0.160766375 0.185993865625 0.11219882031249999 0.2404737796875 0.1660238578125 0.316718478125 0.167279775 0.316586475 0.2126006015625 0.2619070015625 0.21232404218749998 0.25927571718750003
11 0.1936254703125 0.100146921875 0.1927638625 0.10023748125000001 0.1767665515625 0.2042678546875 0.2376124578125 0.218070025 0.24036509218750002 0.2177807109375 0.25586205156249997 0.12043318437499999 0.25522205468750003 0.11434402031249999 0.1936254703125 0.100146921875