33 0.6226871453125 0.34783563906250003 0.6224466234375 0.34783983749999997 0.5702626765625001 0.4055065265625 0.6304516 0.4930347453125 0.631810778125 0.49301102031250005 0.6817293828125 0.43635287500000003 0.6816687671875 0.43288024687500004 0.6226871453125 0.34783563906250003
36 0.5114961109375 0.3060198203125 0.511303046875 0.306023190625 0.4605306359375 0.359193453125 0.5141305203125001 0.44818299687499996 0.5143533671875 0.44817910625 0.5638088921875 0.39538255 0.5637115734375 0.38980715625 0.5114961109375 0.3060198203125
35 0.5019377515625 0.4319553140625 0.4360768140625 0.41672793124999996 0.4346233046875 0.41675330156249996 0.41773828281250003 0.5322770390625 0.41773912968750004 0.5323255390625 0.48375751874999995 0.5471656546875 0.486052178125 0.5471256 0.5019913 0.435023096875 0.5019377515625 0.4319553140625
31 0.2197021984375 0.6995128859374999 0.1587543265625 0.8008673343750001 0.21428124375 0.8611478937499999 0.2733070359375 0.7630904796875 0.2732087078125 0.7574572609375 0.2197021984375 0.6995128859374999
37 0.48626316875000003 0.6083095109375 0.3959650671875 0.5932752359375 0.386223415625 0.6864928 0.4659938390625 0.7006240453125 0.47946775312499995 0.7003888578125 0.4864306140625 0.6179024171874999 0.48626316875000003 0.6083095109375
32 0.6141534390625 0.5042145125 0.5578482953125 0.4577631953125 0.5115609484375 0.5585939203125 0.5708405375 0.605029659375 0.5742391078125 0.6049703359375 0.6142660109375 0.5106637390625 0.6141534390625 0.5042145125
34 0.6790146203125 0.7284702046875 0.6112758687500001 0.7002782734374999 0.5844313703124999 0.8199324359375 0.6503166765625 0.848992265625 0.6550456687499999 0.8489097203125 0.6790289953124999 0.7292937937499999 0.6790146203125 0.7284702046875
34 0.4965571015625 0.8399316625000001 0.42415126875000003 0.7618531640625 0.378291984375 0.8388869765625 0.4508352984375 0.9196719609375 0.45228444687499997 0.919646665625 0.49662114375 0.84360065 0.4965571015625 0.8399316625000001
25 0.6226998765625 0.9043103328125 0.5723013171875 0.7952948421875 0.5102290640625 0.8481717796874999 0.5605116437500001 0.958388740625 0.5647160343750001 0.9583153531249999 0.6227539578125 0.9074087078125 0.6226998765625 0.9043103328125
21 0.603800959375 0.2692381234375 0.5532257015625001 0.1866755140625 0.5008112453125 0.2396899609375 0.5545096625 0.3287100875 0.555244225 0.328697265625 0.60393313125 0.2768102484375 0.603800959375 0.2692381234375
21 0.768781575 0.644470465625 0.7521609453125 0.7681048328125 0.8212880171875 0.791146784375 0.8360646781250001 0.6834127265625 0.8358029109375 0.6684161140625 0.768781575 0.644470465625
20 0.43525799843749996 0.372101253125 0.366064253125 0.3008171609375 0.323775728125 0.3705426234375 0.39263855937500003 0.44092721875 0.3943577203125 0.4408972109375 0.43534225624999995 0.376928390625 0.43525799843749996 0.372101253125
22 0.47457007031250004 0.20699993437500003 0.41310812812500003 0.1305214796875 0.3664959125 0.1903510375 0.4288052828125 0.2683947453125 0.4300522390625 0.268372978125 0.4746152859375 0.209590296875 0.47457007031250004 0.20699993437500003
26 0.57427624375 0.09976470468750001 0.4997505140625 0.0504945296875 0.46924849843749994 0.122648371875 0.5418730468749999 0.1710941203125 0.5459530796875 0.171022903125 0.57432023125 0.10228475625 0.57427624375 0.09976470468750001
6 0.5231550265625 0.6511814140625 0.5228927375 0.65118599375 0.493973578125 0.7698184390625 0.5606747390625 0.8021120921874999 0.56238378125 0.8020822609374999 0.5907214953125 0.6837957171875 0.590700475 0.6825915296875 0.5231550265625 0.6511814140625
7 0.7538062812499999 0.9032121984374999 0.721590659375 0.8135671359375 0.6397290109375 0.8654621421875 0.669760978125 0.9533563109375001 0.670979646875 0.9533350390625 0.7538062812499999 0.9032121984374999
8 0.76932319375 0.6260955625 0.7026743796875 0.60171536875 0.6837890578125 0.7233643843750001 0.749355296875 0.74568556875 0.7528933484375 0.7456238125 0.76932319375 0.6260955625
5 0.85680794375 0.43932642812499995 0.805308425 0.382298184375 0.749649125 0.46799697343749996 0.8025366875 0.5259739625 0.804229459375 0.5259444156249999 0.856828440625 0.44050065624999996 0.85680794375 0.43932642812499995
2 0.377902059375 0.5778205515625 0.323197834375 0.486437975 0.26890268125 0.5411245796874999 0.32103198593750004 0.6375193671875 0.3215331328125 0.6375106203125 0.3779863765625 0.582651025 0.377902059375 0.5778205515625
17 0.2667459171875 0.5662627015624999 0.247536515625 0.4870381328125 0.160752759375 0.5248595828125 0.17871212187500002 0.610311546875 0.185234365625 0.6101977015625 0.266893278125 0.5747049953125 0.2667459171875 0.5662627015624999
12 0.6306058125 0.574940378125 0.610522278125 0.6944794734374999 0.6816570750000001 0.7199645078125 0.69879256875 0.608139353125 0.6985968640625 0.5969274328124999 0.6306058125 0.574940378125
13 0.200954159375 0.37822343593749996 0.1175082390625 0.3589198546875 0.1010979390625 0.442488465625 0.184555115625 0.4664376609375 0.1880326265625 0.4663769609375 0.20115973125000003 0.3900005828125 0.200954159375 0.37822343593749996
11 0.72449579375 0.290092065625 0.7135272234375 0.195637575 0.6466585078125 0.20229962499999998 0.6583314828125 0.31283322812500003 0.658806846875 0.31282493125 0.7247465109375 0.304455671875 0.72449579375 0.290092065625
9 0.356275821875 0.2341461765625 0.275029315625 0.20152430781250003 0.25344618125 0.281321803125 0.331361428125 0.3154150359375 0.337915515625 0.315300634375 0.35636781093750003 0.23941622499999998 0.356275821875 0.2341461765625
8 0.2343992390625 0.235119134375 0.1894246984375 0.1576225953125 0.136293721875 0.2076622546875 0.183268775 0.2883079796875 0.1845314171875 0.288285940625 0.2344454140625 0.237764509375 0.2343992390625 0.235119134375
11 0.22964080937500003 0.074966184375 0.22877458750000002 0.074981303125 0.20377130625 0.17722155312500001 0.2631827390625 0.196274271875 0.2659501140625 0.19622596718750002 0.289872496875 0.1005995265625 0.289765640625 0.0944777546875 0.22964080937500003 0.074966184375