5 0.25193530937499997 0.45320165625 0.2828655109375 0.382345409375 0.2834528578125 0.375632003125 0.21214669062499997 0.321272528125 0.1759256359375 0.395883015625 0.2493857375 0.452978596875 0.25193530937499997 0.45320165625
5 0.461410375 0.2660589765625 0.520413909375 0.2487402671875 0.52047363125 0.2480576390625 0.5046960578124999 0.1388966859375 0.4423814640625 0.15730161250000002 0.45614722343749997 0.2655985109375 0.461410375 0.2660589765625
5 0.3363232109375 0.3947089640625 0.33684445625000003 0.3947545671875 0.38947381718749996 0.3470335640625 0.3896373546875 0.3451643296875 0.3414146546875 0.2580916546875 0.289701340625 0.3042115234375 0.2896389625 0.30492450312499997 0.3363232109375 0.3947089640625
4 0.7937173921875 0.5429500953125 0.8637140015625 0.5378063515625 0.864410703125 0.5298430140625 0.8613760265625 0.4567420125 0.7822674765625 0.45604635625 0.78313028125 0.54202384375 0.7937173921875 0.5429500953125
3 0.6945751484375 0.7475879890625 0.744224771875 0.666564784375 0.7450465640624999 0.6571716453125 0.703677715625 0.6080335125 0.6469218125 0.6942416953125 0.6896611187499999 0.7471580671875 0.6945751484375 0.7475879890625
2 0.49332590156249995 0.469615190625 0.5118555031249999 0.40034634062499996 0.5127508296875 0.39011269843749996 0.43696402812499996 0.3572288859375 0.4123253296875 0.4357763390625 0.49022984843749995 0.46934432031249995 0.49332590156249995 0.469615190625
16 0.6064987937499999 0.46696878750000004 0.667353209375 0.45162246718750004 0.6680518203125 0.44363731562500003 0.6544435703125 0.3418680234375 0.58966599375 0.35928487656249997 0.602216996875 0.4665941796875 0.6064987937499999 0.46696878750000004
16 0.5266821984375001 0.46625961406250005 0.5338069703125 0.46688295156250004 0.5920907875 0.45019262656250003 0.5783701828125001 0.3397399578125 0.5145921984374999 0.3543409546875 0.5266821984375001 0.46625961406250005
16 0.40193865625 0.473474959375 0.4046702046875 0.4422532140625 0.3180438171875 0.4354336609375 0.309150184375 0.5204617875 0.39678114531249997 0.5297794031249999 0.40193865625 0.473474959375
15 0.2259335078125 0.5481718390625 0.259078303125 0.4749576703125 0.25951760468749996 0.46993642968750005 0.1869279640625 0.415037346875 0.1507792828125 0.48906455937500004 0.221700915625 0.5478015359375 0.2259335078125 0.5481718390625
9 0.23170471250000002 0.671017296875 0.28934311875 0.64893186875 0.29035273125 0.637391946875 0.27423945625 0.53727025625 0.20840562187499997 0.5620196921875 0.22617234375 0.670533278125 0.23170471250000002 0.671017296875
9 0.719732753125 0.225920515625 0.7377920890625 0.1664050125 0.738998465625 0.15261607500000002 0.66508273125 0.11484520000000001 0.641323734375 0.19093633593749998 0.715549959375 0.22555456875000002 0.719732753125 0.225920515625
26 0.5991102125000001 0.35025570156249997 0.6343720984375001 0.2907679890625 0.63483144375 0.28551764375 0.5734150515625 0.2219166484375 0.535010378125 0.28523520625 0.5948445359375001 0.349882503125 0.5991102125000001 0.35025570156249997
24 0.37803415625 0.3105239625 0.44522969999999995 0.24757122968749998 0.44568723749999994 0.242341546875 0.41067025625 0.1772835328125 0.3398670015625 0.24520477187499998 0.3775350375 0.3104802953125 0.37803415625 0.3105239625
24 0.34124491875 0.6555053281250001 0.425641840625 0.6328105703125 0.4258266671875 0.630698 0.41652309687500005 0.546192203125 0.33107005 0.56918045 0.3389543546875 0.6553049296875 0.34124491875 0.6555053281250001
24 0.5193176484375 0.7808774671875 0.5743963890625 0.7790890375 0.5747309625 0.7752648328125 0.573650615625 0.659516734375 0.50967901875 0.6635732484375 0.50847734375 0.7799290640625001 0.5193176484375 0.7808774671875
24 0.5297535109375 0.5998481421874999 0.557582453125 0.5051536046875 0.5584618609375 0.49510191406250004 0.50082413125 0.4692392953125 0.467870259375 0.5720708296875 0.522128084375 0.599181003125 0.5297535109375 0.5998481421874999
21 0.274142709375 0.8111869 0.30946836875 0.7415974015625 0.310059646875 0.734839053125 0.24454052656249997 0.6742883359375 0.20302174062499997 0.7501960249999999 0.26911789218750004 0.8107472859374999 0.274142709375 0.8111869
20 0.169746915625 0.678144440625 0.21096962812500003 0.6125057640625 0.21142566093749998 0.6072932984375 0.1478320359375 0.5393601078125 0.10250388437499999 0.6076396468749999 0.166255471875 0.6778389781249999 0.169746915625 0.678144440625
19 0.4680350953125 0.955196234375 0.520045571875 0.8624913984375 0.5203995859375 0.85844500625 0.47200485 0.8069455515625 0.41637907187499995 0.9036947609375 0.46697437031250005 0.9551034328125001 0.4680350953125 0.955196234375
18 0.43131626718750005 0.77788375 0.5026830640625 0.7741029390625 0.505699628125 0.739623453125 0.5068405203124999 0.6851620796875 0.41977111875000006 0.692187096875 0.4176051546875 0.7766841828125 0.43131626718750005 0.77788375
36 0.6704162546875 0.9681968859375001 0.7182705625 0.8735843609374999 0.71852296875 0.8706993421875 0.666175965625 0.8244858765625 0.6173394921875001 0.9228619046875 0.6683600015625 0.9680169875000001 0.6704162546875 0.9681968859375001
36 0.78812764375 0.788710609375 0.820670015625 0.725030846875 0.8215308984374999 0.715190903125 0.7596200625 0.65187303125 0.721535415625 0.7204569296875001 0.785821321875 0.7885088328125 0.78812764375 0.788710609375
35 0.511806609375 0.07820701249999999 0.51243551875 0.0710185484375 0.44605923281250004 0.012638851562500001 0.4111927390625 0.080829303125 0.47993286093750004 0.1402576734375 0.511806609375 0.07820701249999999
32 0.71186485625 0.5765691078125 0.7250190234375 0.5777199484375 0.7757529171875001 0.5751115828125 0.7764532125 0.5671071703125 0.7764386078125 0.46360982812499996 0.71311531875 0.4663894734375 0.71301111875 0.46758047812500003 0.71186485625 0.5765691078125
34 0.6240398515625001 0.871599834375 0.6790562609374999 0.7839755828125 0.6793150640625 0.7810174421875 0.6339624578125 0.72564084375 0.574948240625 0.815388340625 0.621425634375 0.8713711203125 0.6240398515625001 0.871599834375
34 0.600015846875 0.6436385437500001 0.6473480453125 0.5906441453125 0.647800196875 0.5854760375 0.595502984375 0.5044146046875 0.545557628125 0.5587536125 0.5996168546875 0.6436036359374999 0.600015846875 0.6436385437500001
29 0.33432793437499997 0.9560461218749999 0.34088737187499996 0.9566199984375 0.402018346875 0.9550701453125001 0.40472297343749997 0.8346445734374999 0.3374636515625 0.8372057671875 0.33432793437499997 0.9560461218749999