14 0.5953125 0.109375 0.1 0.15
6 0.69453125 0.27734375 0.0953125 0.15
26 0.89765625 0.44140625 0.0953125 0.15
22 0.496875 0.4421875 0.09375 0.15
20 0.30625 0.43671875 0.09375 0.1453125
11 0.29453125 0.10546875 0.0984375 0.1421875
16 0.803125 0.1140625 0.096875 0.15
9 0.09453125 0.10546875 0.0859375 0.140625
12 0.3921875 0.1078125 0.096875 0.146875
10 0.1875 0.10546875 0.096875 0.1375
36 0.49296875 0.58515625 0.0890625 0.1296875
15 0.70078125 0.1109375 0.0984375 0.153125
33 0.22734375 0.584375 0.0859375 0.125
23 0.5953125 0.43984375 0.09375 0.1453125
21 0.40390625 0.4390625 0.0953125 0.146875
8 0.89765625 0.271875 0.09375 0.15
31 0.3125 0.58515625 0.0875 0.1265625
24 0.696875 0.43984375 0.09375 0.1453125
3 0.4 0.26796875 0.09375 0.1421875
25 0.79921875 0.4375 0.0890625 0.140625
17 0.90390625 0.1078125 0.0921875 0.146875
35 0.4015625 0.5859375 0.090625 0.128125
1 0.19609375 0.2703125 0.0859375 0.140625
7 0.80078125 0.27265625 0.0984375 0.1484375
19 0.203125 0.43671875 0.09375 0.1421875
18 0.10546875 0.4328125 0.0953125 0.134375
34 0.5828125 0.58359375 0.084375 0.1296875
13 0.50078125 0.109375 0.0984375 0.146875
0 0.09609375 0.26796875 0.0953125 0.1296875
2 0.30078125 0.27109375 0.0921875 0.1375
4 0.49609375 0.27421875 0.1 0.1484375
5 0.59609375 0.275 0.0953125 0.15625
37 0.671875 0.58359375 0.084375 0.1296875
32 0.7625 0.59140625 0.090625 0.125