14 0.66796875 0.134375 0.1265625 0.165625
6 0.73359375 0.31875 0.121875 0.165625
26 0.9015625 0.51796875 0.121875 0.165625
22 0.5078125 0.44296875 0.1203125 0.165625
20 0.321875 0.40078125 0.1203125 0.1609375
11 0.37265625 0.07578125 0.1234375 0.1515625
16 0.87109375 0.17890625 0.1234375 0.165625
9 0.17734375 0.05625 0.1109375 0.1125
12 0.46875 0.09453125 0.1234375 0.1625
10 0.26875 0.06484375 0.121875 0.1296875
36 0.4765625 0.58203125 0.1125 0.14375
15 0.77109375 0.15625 0.125 0.16875
33 0.21640625 0.53046875 0.1078125 0.1390625
23 0.6046875 0.459375 0.1203125 0.1609375
21 0.4171875 0.421875 0.121875 0.1625
8 0.93359375 0.3515625 0.1203125 0.165625
31 0.3 0.54765625 0.1109375 0.140625
24 0.7046875 0.478125 0.1203125 0.1609375
3 0.44609375 0.253125 0.1203125 0.1578125
25 0.80546875 0.49609375 0.1140625 0.1546875
17 0.95546875 0.1921875 0.0890625 0.1625
35 0.38671875 0.565625 0.1125 0.1421875
1 0.2453125 0.21640625 0.1109375 0.1546875
7 0.83828125 0.334375 0.125 0.1640625
19 0.2203125 0.38125 0.11875 0.1578125
18 0.12578125 0.35859375 0.11875 0.15
34 0.565625 0.59765625 0.1078125 0.14375
13 0.575 0.11640625 0.125 0.1625
0 0.14765625 0.1953125 0.11875 0.1453125
2 0.3484375 0.2375 0.1171875 0.153125
4 0.5390625 0.27734375 0.1265625 0.1640625
5 0.6375 0.29765625 0.1234375 0.171875
37 0.653125 0.61484375 0.1078125 0.14375
32 0.740625 0.63984375 0.1125 0.140625