37 0.93828125 0.534375 0.071875 0.1078125
8 0.8765625 0.5515625 0.0734375 0.1109375
8 0.8171875 0.5671875 0.0734375 0.109375
0 0.75078125 0.5859375 0.0765625 0.11875
26 0.6875 0.6 0.0765625 0.1109375
18 0.61953125 0.615625 0.078125 0.1078125
33 0.55078125 0.63671875 0.075 0.1140625
36 0.4828125 0.65078125 0.075 0.10625
35 0.4125 0.6703125 0.075 0.1125
31 0.3421875 0.69296875 0.075 0.115625
32 0.27421875 0.7109375 0.078125 0.115625
9 0.19765625 0.72890625 0.0796875 0.1125
9 0.1234375 0.7484375 0.078125 0.1109375