38 0.96484375 0.74453125 0.0609375 0.1046875
15 0.90546875 0.7484375 0.0625 0.1046875
15 0.84765625 0.7515625 0.0609375 0.1046875
15 0.7875 0.75625 0.059375 0.1046875
13 0.72734375 0.76328125 0.0578125 0.1046875
12 0.66640625 0.76875 0.0625 0.10625
11 0.6078125 0.7734375 0.059375 0.103125
33 0.55078125 0.7765625 0.0609375 0.1015625
33 0.490625 0.7828125 0.0578125 0.1015625
33 0.4296875 0.7859375 0.05625 0.1015625
13 0.3734375 0.7890625 0.0578125 0.0984375
13 0.3125 0.796875 0.0546875 0.1
14 0.25390625 0.803125 0.0515625 0.0984375
13 0.1953125 0.80859375 0.053125 0.0984375
12 0.1359375 0.81171875 0.0515625 0.0984375