41 0.95390625 0.5296875 0.0625 0.1484375
5 0.88828125 0.53203125 0.059375 0.1515625
4 0.825 0.53671875 0.0640625 0.15
3 0.76171875 0.5359375 0.0609375 0.1484375
8 0.6984375 0.54140625 0.0640625 0.1515625
7 0.63515625 0.54453125 0.0640625 0.15625
6 0.57265625 0.54921875 0.0625 0.1546875
7 0.51015625 0.5515625 0.0640625 0.1515625
6 0.44609375 0.553125 0.059375 0.1484375
5 0.3859375 0.5546875 0.0609375 0.15
4 0.32421875 0.5578125 0.0578125 0.1484375
4 0.26171875 0.5609375 0.05625 0.15
34 0.2 0.55859375 0.0515625 0.1421875
34 0.13984375 0.56953125 0.0546875 0.1421875
34 0.07734375 0.5671875 0.0546875 0.15