28 0.115625 0.47421875 0.059375 0.0953125
33 0.17734375 0.478125 0.0609375 0.09375
33 0.23828125 0.478125 0.0546875 0.0921875
33 0.29921875 0.47734375 0.0578125 0.09375
36 0.359375 0.4765625 0.05625 0.0875
36 0.42109375 0.47578125 0.05625 0.0875
36 0.47734375 0.4734375 0.05 0.0859375
35 0.53515625 0.47578125 0.053125 0.0859375
35 0.59375 0.47578125 0.0515625 0.0875
35 0.6515625 0.47734375 0.0515625 0.0890625
34 0.7078125 0.47734375 0.0484375 0.0875
34 0.76640625 0.47578125 0.05 0.0875
34 0.82265625 0.47734375 0.0484375 0.0828125
32 0.88125 0.475 0.04375 0.0734375
32 0.9359375 0.475 0.0546875 0.0828125