17 0.9453125 0.45 0.0765625 0.0828125
16 0.8765625 0.43203125 0.075 0.0859375
16 0.8109375 0.42265625 0.0703125 0.084375
15 0.746875 0.4125 0.06875 0.0828125
15 0.68203125 0.40078125 0.0625 0.084375
15 0.61875 0.3890625 0.0625 0.0859375
14 0.55546875 0.3796875 0.0640625 0.0828125
14 0.490625 0.3671875 0.059375 0.084375
13 0.4296875 0.35703125 0.059375 0.084375
13 0.36796875 0.34453125 0.0609375 0.084375
12 0.3046875 0.33359375 0.065625 0.0859375
12 0.2390625 0.31953125 0.0609375 0.084375
11 0.1796875 0.3078125 0.059375 0.08125
10 0.11640625 0.296875 0.0609375 0.084375