36 0.42421875 0.61171875 0.0515625 0.0671875
36 0.36015625 0.5984375 0.0515625 0.065625
21 0.29609375 0.58984375 0.05625 0.071875
21 0.23125 0.57890625 0.053125 0.06875
21 0.16875 0.56875 0.053125 0.071875
13 0.840625 0.575 0.0671875 0.0734375
13 0.78203125 0.56328125 0.0609375 0.071875
13 0.72265625 0.55390625 0.0625 0.0734375
6 0.66484375 0.54375 0.0625 0.071875
6 0.60625 0.53359375 0.0578125 0.071875
6 0.55 0.52265625 0.0578125 0.075
0 0.4921875 0.51640625 0.053125 0.065625
0 0.4375 0.50546875 0.0546875 0.06875
0 0.378125 0.49453125 0.05625 0.06875
41 0.32109375 0.4859375 0.0625 0.0734375