14 0.8515625 0.4875 0.053125 0.0671875
14 0.80390625 0.475 0.046875 0.065625
14 0.75625 0.46875 0.053125 0.0703125
4 0.70625 0.46796875 0.053125 0.0671875
4 0.659375 0.4609375 0.05 0.0640625
4 0.609375 0.45546875 0.059375 0.071875
6 0.5609375 0.44765625 0.053125 0.071875
6 0.5078125 0.4390625 0.059375 0.0734375
5 0.46015625 0.41640625 0.0546875 0.0703125
5 0.4109375 0.403125 0.053125 0.0703125
5 0.359375 0.38984375 0.0578125 0.071875
5 0.30703125 0.378125 0.053125 0.0671875
32 0.2 0.35703125 0.0515625 0.053125
32 0.14921875 0.3375 0.046875 0.05625
32 0.08828125 0.3375 0.053125 0.0609375