14 0.06640625 0.4203125 0.0515625 0.0625
14 0.11875 0.425 0.0515625 0.0625
14 0.17109375 0.42890625 0.05 0.0609375
19 0.22734375 0.43359375 0.040625 0.059375
19 0.2828125 0.43984375 0.040625 0.065625
19 0.33828125 0.44296875 0.040625 0.059375
19 0.3921875 0.446875 0.0484375 0.059375
36 0.45078125 0.45078125 0.0421875 0.0625
36 0.50703125 0.45703125 0.04375 0.0609375
36 0.56484375 0.46015625 0.05 0.0609375
36 0.62421875 0.46484375 0.04375 0.059375
13 0.6828125 0.46796875 0.05 0.0671875
13 0.74453125 0.47734375 0.0515625 0.0671875
13 0.80625 0.48203125 0.05 0.065625
33 0.8671875 0.48671875 0.05 0.05625
33 0.93046875 0.4921875 0.0515625 0.053125