17 0.90546875 0.50234375 0.071875 0.146875
16 0.84296875 0.51640625 0.071875 0.1515625
15 0.7828125 0.5296875 0.0734375 0.153125
9 0.72421875 0.5390625 0.071875 0.146875
9 0.665625 0.55 0.078125 0.1453125
11 0.60546875 0.5625 0.071875 0.14375
10 0.55 0.57109375 0.075 0.1421875
9 0.4921875 0.57890625 0.0703125 0.134375
14 0.434375 0.59453125 0.0671875 0.1375
14 0.37734375 0.603125 0.065625 0.128125
14 0.321875 0.61171875 0.0640625 0.134375
15 0.265625 0.62265625 0.065625 0.1375
15 0.21328125 0.6359375 0.0640625 0.1390625
15 0.15546875 0.63984375 0.0609375 0.1359375
29 0.1015625 0.653125 0.0640625 0.134375
1 0.5087412109375 0.1600725015625 0.531809896875 0.0615944578125 0.5312211828125 0.057877464062499995 0.4890515796875 0.016518890624999998 0.46001808125 0.11260345000000001 0.5063159609375 0.1604566234375 0.5087412109375 0.1600725015625
26 0.422282659375 0.059253067187499994 0.42137706875000003 0.053535392187499996 0.374332671875 0.034236884375 0.373604396875 0.03435223125 0.36800240781250004 0.145465478125 0.4174256703125 0.166625578125 0.41856760781249996 0.1664447140625 0.422282659375 0.059253067187499994
2 0.260834571875 0.17718938125 0.30525341875 0.1094279671875 0.3045791046875 0.1051705109375 0.2669951390625 0.0394587609375 0.2246206125 0.11750929375000001 0.260057671875 0.1773124296875 0.260834571875 0.17718938125