38 0.096875 0.75859375 0.0578125 0.090625
41 0.15390625 0.74296875 0.0640625 0.096875
39 0.20546875 0.73046875 0.0609375 0.090625
3 0.26171875 0.71640625 0.0609375 0.0890625
3 0.3125 0.70234375 0.053125 0.0859375
3 0.365625 0.690625 0.0609375 0.0875
30 0.41328125 0.67734375 0.05625 0.0875
35 0.46796875 0.66484375 0.0546875 0.078125
35 0.51953125 0.64765625 0.0546875 0.0890625
35 0.56640625 0.63359375 0.053125 0.08125
7 0.6203125 0.62421875 0.0609375 0.0890625
6 0.66953125 0.61015625 0.05625 0.0875
5 0.72109375 0.59921875 0.059375 0.0875
5 0.771875 0.5859375 0.0625 0.090625
4 0.8234375 0.5734375 0.059375 0.084375
2 0.86953125 0.55390625 0.053125 0.08125
1 0.91953125 0.5453125 0.0515625 0.08125