6 0.8125 0.6234375 0.0875 0.1390625
5 0.73359375 0.61171875 0.090625 0.1421875
4 0.65234375 0.60234375 0.090625 0.1421875
6 0.571875 0.5921875 0.090625 0.1421875
5 0.49296875 0.58203125 0.090625 0.140625
4 0.41328125 0.571875 0.0921875 0.14375
7 0.3328125 0.5625 0.0953125 0.14375
6 0.24921875 0.5515625 0.096875 0.1453125
5 0.16640625 0.54140625 0.0953125 0.146875
7 0.66875 0.46484375 0.0921875 0.1390625
7 0.5890625 0.453125 0.0890625 0.134375
2 0.51015625 0.44375 0.090625 0.1375
2 0.4328125 0.434375 0.09375 0.1390625
2 0.35234375 0.425 0.09375 0.1390625