7 0.78203125 0.621875 0.0875 0.1453125
7 0.69765625 0.6171875 0.0875 0.146875
7 0.61328125 0.6125 0.0890625 0.146875
6 0.528125 0.6078125 0.0890625 0.146875
5 0.44375 0.60234375 0.090625 0.1484375
5 0.35859375 0.59921875 0.090625 0.1484375
4 0.271875 0.5953125 0.09375 0.15
3 0.18359375 0.590625 0.0984375 0.15
3 0.70078125 0.47109375 0.0890625 0.146875
2 0.6171875 0.465625 0.0890625 0.1453125
1 0.5328125 0.4609375 0.0890625 0.1453125
2 0.45 0.4578125 0.0890625 0.1453125
1 0.36484375 0.453125 0.0921875 0.146875
0 0.27890625 0.44453125 0.0921875 0.1453125