15 0.87734375 0.5640625 0.046875 0.084375
9 0.83515625 0.553125 0.0515625 0.0921875
10 0.7890625 0.54140625 0.053125 0.0953125
16 0.74296875 0.52578125 0.0546875 0.0953125
14 0.69140625 0.51484375 0.05625 0.096875
12 0.63515625 0.50078125 0.059375 0.1
16 0.58046875 0.48671875 0.0625 0.1046875
11 0.5234375 0.47265625 0.065625 0.1078125
12 0.46015625 0.45625 0.0734375 0.109375
14 0.3921875 0.43828125 0.0734375 0.1171875
14 0.31953125 0.41796875 0.078125 0.1203125
10 0.2390625 0.3984375 0.08125 0.1328125
11 0.15703125 0.3796875 0.0875 0.1359375