35 0.8959791765625 0.46959444531249994 0.9471684703125 0.45961257968749997 0.9468345625 0.457236703125 0.9035535328125001 0.3951687640625 0.8500412015625001 0.4033632734375 0.8913967859374999 0.47023845781249995 0.8959791765625 0.46959444531249994
35 0.8293727546874999 0.47737751250000005 0.8854434515625 0.46949728906250005 0.8846247625 0.4636720078125 0.84862513125 0.40281854843750003 0.794784053125 0.4110355109375 0.8293727546874999 0.47737751250000005
4 0.7753245515625 0.48970705781249996 0.826787515625 0.4787655984375 0.8260032984375 0.4731856 0.7929463359375 0.4118200609375 0.737726159375 0.42147760468750006 0.77123173125 0.49028226718749995 0.7753245515625 0.48970705781249996
4 0.7165997421875 0.49796029218750004 0.766583140625 0.48824321406250004 0.7656632578125 0.48169790625 0.736798259375 0.4195020546875 0.6834391906249999 0.42889803281249994 0.71115925 0.498724903125 0.7165997421875 0.49796029218750004
4 0.6516179609375 0.5086707406250001 0.6865365625 0.5037632515625 0.7098325937500001 0.49984205 0.709371978125 0.49656459374999995 0.6829091046875 0.43057634062499994 0.625783346875 0.4406978203125 0.6259298796875 0.4417404546875 0.6516179609375 0.5086707406250001
6 0.598963315625 0.5113373015625 0.6440331359375 0.5031896625 0.642325834375 0.49104158125 0.6211739749999999 0.4332715375 0.5660401187499999 0.443543296875 0.58500430625 0.5132991125 0.598963315625 0.5113373015625
6 0.522128978125 0.51266853125 0.5826338609375 0.5041651234375 0.5823611921875 0.5022249890625 0.56289871875 0.435122821875 0.507962165625 0.4434699984375 0.522128978125 0.51266853125
6 0.46412190156250005 0.5255544609375 0.5213944796875001 0.517505325 0.519284484375 0.5024919296875 0.5071877437500001 0.4474020515625 0.4522511921875 0.45574923125 0.46412190156250005 0.5255544609375
34 0.40046854375 0.5360782125 0.461267478125 0.5275334796875 0.45544443437500004 0.486100371875 0.45073962968750003 0.457236796875 0.39227485624999997 0.4652367875 0.40046854375 0.5360782125
34 0.39742064843749997 0.5335477390625 0.3879170265625 0.46592596249999996 0.3314556859375 0.4736518125 0.33684061249999997 0.5434426796875 0.397570865625 0.5349075984375 0.39742064843749997 0.5335477390625
34 0.3313317296875 0.47870060781249996 0.330897646875 0.47561194687499997 0.2723914859375 0.48392901093749996 0.273607746875 0.559929028125 0.335157196875 0.5504357703125 0.3313317296875 0.47870060781249996
33 0.2704133515625 0.49432486249999996 0.2683490859375 0.4796368453125 0.2116199296875 0.4874600203125 0.2083376234375 0.559924740625 0.2713790375 0.5510648484375 0.2704133515625 0.49432486249999996
33 0.2118857953125 0.48205258906250004 0.211331125 0.4781058984375 0.1520250734375 0.4881146140625 0.14299076093750002 0.559641509375 0.20682458593750003 0.5506702515625 0.2118857953125 0.48205258906250004
33 0.14927998125 0.496897134375 0.1487129109375 0.49286222031250004 0.08845445468749999 0.501948765625 0.07608722968750001 0.5785041953125 0.13987599374999998 0.5676364796875 0.14927998125 0.496897134375