21 0.86875 0.60234375 0.05625 0.075
21 0.8125 0.596875 0.05 0.071875
21 0.7484375 0.59296875 0.0515625 0.071875
18 0.6859375 0.5859375 0.0609375 0.0796875
18 0.62578125 0.5765625 0.0609375 0.08125
22 0.56484375 0.57109375 0.0609375 0.0796875
22 0.50234375 0.5640625 0.0578125 0.078125
20 0.4390625 0.5578125 0.06875 0.090625
25 0.30859375 0.553125 0.0671875 0.0984375
24 0.37734375 0.55078125 0.0640625 0.0890625
24 0.24140625 0.54140625 0.0640625 0.0953125
24 0.1734375 0.5375 0.0625 0.096875
24 0.11171875 0.5296875 0.065625 0.0984375