18 0.12421875 0.4390625 0.0640625 0.096875
19 0.18671875 0.4453125 0.0609375 0.0984375
20 0.24765625 0.4546875 0.065625 0.096875
20 0.309375 0.46328125 0.0625 0.0953125
21 0.37109375 0.47109375 0.0625 0.09375
22 0.43125 0.47890625 0.0625 0.096875
23 0.49140625 0.48984375 0.0625 0.0984375
23 0.55 0.496875 0.059375 0.0953125
23 0.60859375 0.5046875 0.0578125 0.0953125
24 0.66875 0.51328125 0.0625 0.0953125
24 0.72734375 0.521875 0.0625 0.1015625
24 0.78671875 0.53125 0.0625 0.0984375
33 0.846875 0.5375 0.0578125 0.084375
33 0.90546875 0.546875 0.0515625 0.084375