17 0.9046875 0.5234375 0.0640625 0.1453125
16 0.84140625 0.534375 0.065625 0.15
15 0.78125 0.54453125 0.065625 0.1515625
9 0.721875 0.55078125 0.0640625 0.1453125
9 0.6625 0.55859375 0.071875 0.1421875
11 0.60234375 0.56796875 0.065625 0.1421875
10 0.54609375 0.5734375 0.06875 0.1390625
9 0.4875 0.578125 0.0640625 0.1328125
14 0.4296875 0.590625 0.0609375 0.1359375
14 0.371875 0.596875 0.059375 0.1265625
14 0.315625 0.60234375 0.0578125 0.1328125
15 0.259375 0.61015625 0.059375 0.1359375
15 0.20625 0.6203125 0.0578125 0.1375
15 0.1484375 0.621875 0.053125 0.134375
29 0.09453125 0.63203125 0.05625 0.1328125
1 0.5543173 0.06011736875 0.5143700296875 0.016608487499999998 0.48034764374999994 0.11104187031249999 0.5240776328125001 0.1612525078125 0.5265196624999999 0.160995840625 0.554710675 0.0638600796875 0.5543173 0.06011736875
26 0.3988810515625 0.028298276562500002 0.3981477375 0.0283753515625 0.386738209375 0.1390431359375 0.4349863046875 0.16276085 0.43613614375000004 0.162639996875 0.44545608124999997 0.055789684375 0.44485097187499995 0.05003244999999999 0.3988810515625 0.028298276562500002
2 0.3255107015625 0.0954840703125 0.2914173296875 0.027895384375 0.24501602656250002 0.103621240625 0.2772746671875 0.1651970515625 0.2780569421875 0.16511483124999998 0.32596127343750003 0.09977098437500001 0.3255107015625 0.0954840703125