17 0.89609375 0.4171875 0.0625 0.115625
17 0.83984375 0.43359375 0.059375 0.109375
9 0.778125 0.44921875 0.059375 0.1015625
9 0.71796875 0.4703125 0.0578125 0.1046875
9 0.66015625 0.484375 0.059375 0.1109375
15 0.6 0.496875 0.059375 0.1234375
14 0.53515625 0.51640625 0.0609375 0.1234375
13 0.475 0.5328125 0.0625 0.1203125
11 0.41171875 0.553125 0.0609375 0.1203125
10 0.34609375 0.56953125 0.0640625 0.1203125
9 0.28359375 0.590625 0.0640625 0.115625
17 0.21796875 0.6046875 0.0671875 0.11875
16 0.15078125 0.62265625 0.0671875 0.1265625
15 0.0828125 0.63984375 0.0640625 0.13125