34 0.92421875 0.42265625 0.08125 0.1109375
34 0.86484375 0.43671875 0.0796875 0.1109375
34 0.8078125 0.453125 0.0796875 0.1109375
36 0.74765625 0.4671875 0.08125 0.1109375
36 0.6890625 0.48203125 0.08125 0.1109375
14 0.6296875 0.49609375 0.08125 0.1109375
14 0.57109375 0.509375 0.0796875 0.1109375
14 0.5140625 0.52265625 0.0796875 0.1109375
11 0.45546875 0.5375 0.0796875 0.1109375
10 0.39765625 0.55078125 0.0765625 0.1078125
9 0.33984375 0.56640625 0.075 0.1078125
12 0.28125 0.5796875 0.0734375 0.109375
11 0.22265625 0.5953125 0.0734375 0.1078125
10 0.16484375 0.61015625 0.0734375 0.1078125
40 0.10703125 0.6203125 0.0734375 0.10625
29 0.04765625 0.634375 0.0734375 0.1078125