17 0.871875 0.68515625 0.0765625 0.1140625
17 0.8109375 0.67265625 0.078125 0.1140625
17 0.75 0.6625 0.08125 0.1171875
16 0.6890625 0.64765625 0.08125 0.1171875
15 0.62734375 0.634375 0.08125 0.1171875
14 0.56484375 0.61953125 0.08125 0.1171875
13 0.50234375 0.6078125 0.084375 0.1203125
12 0.43984375 0.59453125 0.084375 0.1203125
14 0.37890625 0.58203125 0.084375 0.121875
13 0.31484375 0.56953125 0.0859375 0.1203125
12 0.25078125 0.5546875 0.0859375 0.1203125
11 0.1859375 0.540625 0.0875 0.1203125
10 0.121875 0.52890625 0.084375 0.1203125
9 0.05625 0.5125 0.0828125 0.1203125