30 0.2703125 0.4609375 0.0640625 0.0953125
38 0.4796875 0.5046875 0.05625 0.0859375
35 0.828125 0.57734375 0.0546875 0.084375
31 0.7796875 0.5671875 0.05625 0.084375
0 0.73125 0.55546875 0.0546875 0.0875
4 0.68125 0.54453125 0.059375 0.090625
4 0.63203125 0.53203125 0.059375 0.084375
5 0.58046875 0.5234375 0.0546875 0.084375
7 0.53125 0.515625 0.0578125 0.0859375
1 0.428125 0.49296875 0.053125 0.084375
1 0.375 0.48125 0.059375 0.0890625
1 0.3234375 0.471875 0.059375 0.09375
5 0.2140625 0.4484375 0.065625 0.09375
6 0.15625 0.43515625 0.0640625 0.0953125
7 0.09765625 0.421875 0.0609375 0.0890625