40 0.11796875 0.59140625 0.0609375 0.0921875
30 0.1703125 0.5828125 0.0578125 0.090625
12 0.2234375 0.5734375 0.05625 0.0875
12 0.27578125 0.565625 0.059375 0.090625
12 0.32890625 0.55703125 0.05625 0.090625
10 0.38046875 0.54921875 0.059375 0.09375
10 0.43359375 0.5421875 0.059375 0.0875
10 0.4859375 0.53203125 0.059375 0.09375
17 0.5390625 0.52578125 0.059375 0.0875
17 0.59296875 0.51640625 0.059375 0.0921875
17 0.646875 0.50703125 0.059375 0.090625
13 0.6984375 0.49921875 0.0609375 0.090625
13 0.753125 0.490625 0.059375 0.0921875
13 0.80625 0.4828125 0.0625 0.090625
14 0.86171875 0.475 0.059375 0.090625
14 0.91640625 0.4671875 0.059375 0.09375