7 0.71484375 0.55703125 0.09375 0.153125
7 0.6265625 0.5625 0.0921875 0.1546875
7 0.53828125 0.56796875 0.0953125 0.15625
6 0.45078125 0.57109375 0.0953125 0.1546875
6 0.36015625 0.57890625 0.0984375 0.15625
6 0.26875 0.58359375 0.096875 0.15625
2 0.79296875 0.40078125 0.0890625 0.15
2 0.7046875 0.40390625 0.0921875 0.153125
2 0.61796875 0.41015625 0.09375 0.153125
2 0.528125 0.41484375 0.0921875 0.15
1 0.44140625 0.41953125 0.09375 0.153125
0 0.3515625 0.421875 0.09375 0.1484375
0 0.26171875 0.428125 0.0953125 0.1546875
0 0.17109375 0.43203125 0.0953125 0.153125