17 0.8078125 0.5640625 0.0921875 0.14375
16 0.728125 0.5703125 0.0921875 0.1421875
15 0.64609375 0.5765625 0.090625 0.14375
15 0.56484375 0.58125 0.090625 0.1453125
14 0.48515625 0.5890625 0.0921875 0.146875
13 0.4046875 0.59609375 0.090625 0.14375
14 0.321875 0.60234375 0.0921875 0.146875
13 0.2390625 0.61171875 0.090625 0.1453125
12 0.1546875 0.61796875 0.090625 0.14375
11 0.6328125 0.4375 0.0921875 0.1421875
11 0.553125 0.44375 0.0890625 0.140625
11 0.4734375 0.45 0.0875 0.1421875
9 0.39453125 0.45625 0.0921875 0.14375
9 0.3140625 0.46328125 0.090625 0.14375