17 0.8609375 0.62265625 0.0953125 0.1625
16 0.7703125 0.61875 0.0984375 0.1640625
16 0.5859375 0.60234375 0.1 0.1640625
15 0.6796875 0.61015625 0.103125 0.1671875
15 0.49375 0.59765625 0.103125 0.1625
15 0.309375 0.58359375 0.0984375 0.1625
14 0.403125 0.590625 0.0984375 0.1625
14 0.215625 0.578125 0.1046875 0.1671875
13 0.12265625 0.5703125 0.1046875 0.1625
11 0.68984375 0.4515625 0.1 0.159375
11 0.59765625 0.4453125 0.0984375 0.1578125
11 0.50703125 0.4390625 0.0984375 0.159375
10 0.41640625 0.43125 0.1 0.1609375
10 0.32421875 0.425 0.1 0.1625