39 0.1 0.459375 0.05625 0.09375
22 0.16171875 0.45234375 0.0453125 0.0796875
22 0.22265625 0.446875 0.0453125 0.075
22 0.2875 0.45390625 0.04375 0.0828125
36 0.3453125 0.440625 0.04375 0.075
36 0.40859375 0.434375 0.0421875 0.075
36 0.46796875 0.4453125 0.0453125 0.071875
20 0.528125 0.43671875 0.05 0.0734375
20 0.5875 0.43125 0.05 0.075
20 0.64765625 0.428125 0.0515625 0.075
25 0.71015625 0.421875 0.0484375 0.0875
25 0.76875 0.41796875 0.046875 0.0796875
25 0.825 0.4109375 0.046875 0.078125
37 0.8859375 0.41015625 0.046875 0.0796875
37 0.946875 0.40390625 0.05 0.0859375