28 0.91328125 0.87265625 0.0578125 0.0734375
38 0.8609375 0.8671875 0.0703125 0.08125
6 0.75078125 0.8453125 0.0625 0.078125
6 0.70234375 0.83671875 0.0578125 0.0734375
6 0.65625 0.825 0.0546875 0.0703125
6 0.6078125 0.82109375 0.0546875 0.0734375
8 0.41640625 0.7921875 0.05 0.071875
8 0.36953125 0.7859375 0.0515625 0.071875
8 0.321875 0.7765625 0.05625 0.0734375
31 0.5578125 0.8125 0.053125 0.06875
31 0.51171875 0.80546875 0.05 0.0703125
31 0.4625 0.7984375 0.0515625 0.06875
37 0.27265625 0.76875 0.0484375 0.0671875
37 0.225 0.76015625 0.0515625 0.0671875
37 0.17734375 0.75078125 0.0546875 0.0734375
34 0.12890625 0.7453125 0.05 0.071875
34 0.0796875 0.7390625 0.046875 0.071875