39 0.90390625 0.58671875 0.08125 0.1234375
8 0.83828125 0.59375 0.0734375 0.1171875
8 0.77578125 0.590625 0.0703125 0.115625
8 0.7171875 0.60703125 0.0703125 0.115625
6 0.6578125 0.615625 0.0640625 0.1109375
5 0.59765625 0.61875 0.065625 0.115625
4 0.5421875 0.6296875 0.0671875 0.109375
2 0.4828125 0.6390625 0.0625 0.1109375
1 0.42421875 0.63828125 0.0625 0.109375
0 0.36640625 0.65 0.059375 0.103125
34 0.3078125 0.6546875 0.0546875 0.1015625
34 0.2515625 0.6671875 0.05625 0.1109375
35 0.19375 0.6765625 0.053125 0.096875
35 0.13359375 0.68046875 0.0515625 0.103125
35 0.0765625 0.68671875 0.05 0.096875