12 0.85390625 0.521875 0.065625 0.0890625
10 0.7984375 0.53359375 0.0625 0.0890625
16 0.74375 0.54609375 0.0640625 0.0921875
16 0.68828125 0.553125 0.0640625 0.0890625
17 0.63203125 0.56640625 0.06875 0.096875
17 0.57578125 0.57578125 0.0625 0.0921875
17 0.51953125 0.584375 0.0640625 0.090625
36 0.4640625 0.5984375 0.0640625 0.09375
36 0.40546875 0.6109375 0.0640625 0.0890625
36 0.3453125 0.6203125 0.059375 0.0921875
13 0.2859375 0.63671875 0.0625 0.0921875
13 0.225 0.646875 0.0625 0.090625
13 0.16640625 0.65703125 0.0671875 0.1015625
38 0.10546875 0.66953125 0.065625 0.1