32 0.76484375 0.52265625 0.0625 0.0734375
32 0.70625 0.51015625 0.0609375 0.0734375
32 0.6484375 0.49453125 0.0609375 0.071875
4 0.88515625 0.55390625 0.0671875 0.0765625
4 0.82265625 0.53984375 0.0671875 0.075
6 0.59453125 0.48515625 0.059375 0.0703125
6 0.53984375 0.47109375 0.059375 0.0703125
6 0.48671875 0.4609375 0.0578125 0.0703125
6 0.434375 0.44765625 0.0546875 0.0703125
16 0.38515625 0.43515625 0.053125 0.065625
16 0.334375 0.42265625 0.0546875 0.06875
16 0.2859375 0.4109375 0.05 0.06875
25 0.240625 0.4 0.0515625 0.0671875
25 0.1921875 0.38828125 0.0578125 0.0703125
25 0.146875 0.3796875 0.0578125 0.0703125
29 0.09921875 0.3671875 0.0484375 0.06875