39 0.1203125 0.5578125 0.046875 0.059375
38 0.07265625 0.55625 0.053125 0.0625
29 0.16484375 0.55546875 0.040625 0.0609375
34 0.7390625 0.5328125 0.0453125 0.0609375
34 0.68046875 0.53515625 0.046875 0.0671875
25 0.62578125 0.5375 0.046875 0.065625
25 0.571875 0.53984375 0.046875 0.06875
25 0.51640625 0.5421875 0.04375 0.06875
0 0.465625 0.54453125 0.046875 0.065625
0 0.4140625 0.54375 0.046875 0.06875
0 0.36171875 0.54765625 0.046875 0.065625
11 0.2109375 0.55390625 0.04375 0.0609375
11 0.26171875 0.55078125 0.040625 0.065625
11 0.31015625 0.55078125 0.04375 0.0640625
9 0.7984375 0.5296875 0.053125 0.0671875
9 0.859375 0.528125 0.0578125 0.065625
9 0.921875 0.52890625 0.053125 0.0640625