29 0.08828125 0.56875 0.0671875 0.1046875
4 0.14921875 0.57734375 0.0671875 0.1
2 0.20546875 0.58515625 0.0625 0.0984375
3 0.26953125 0.59296875 0.0625 0.1
4 0.3265625 0.59609375 0.0625 0.09375
6 0.3859375 0.60390625 0.0578125 0.0875
5 0.4421875 0.60390625 0.0640625 0.0953125
0 0.5 0.5984375 0.059375 0.09375
1 0.559375 0.61171875 0.0578125 0.0921875
2 0.61171875 0.625 0.053125 0.0890625
4 0.66484375 0.6328125 0.0625 0.0921875
4 0.72265625 0.64140625 0.059375 0.090625
8 0.7796875 0.653125 0.0625 0.090625
7 0.83359375 0.665625 0.0625 0.0953125
6 0.8875 0.66796875 0.059375 0.0875