21 0.2265625 0.5234375 0.05 0.071875
22 0.1640625 0.525 0.046875 0.06875
23 0.1015625 0.528125 0.04375 0.078125
32 0.93125 0.47734375 0.05625 0.06875
32 0.8640625 0.48046875 0.05625 0.065625
32 0.80078125 0.48359375 0.0515625 0.0734375
37 0.7359375 0.490625 0.059375 0.084375
37 0.671875 0.490625 0.05625 0.08125
36 0.6078125 0.49453125 0.059375 0.0734375
36 0.5453125 0.50390625 0.046875 0.06875
36 0.4828125 0.50625 0.05 0.075
31 0.4171875 0.51171875 0.046875 0.0765625
31 0.3515625 0.515625 0.05 0.08125
31 0.2921875 0.51953125 0.053125 0.0890625