28 0.09375 0.54375 0.0546875 0.0609375
39 0.14609375 0.54375 0.0484375 0.0609375
8 0.1953125 0.5421875 0.046875 0.0640625
8 0.24453125 0.54375 0.0453125 0.065625
8 0.29375 0.54296875 0.0421875 0.0703125
7 0.34453125 0.5390625 0.0453125 0.0671875
7 0.39609375 0.53984375 0.0421875 0.0640625
7 0.44609375 0.53671875 0.0421875 0.065625
7 0.49609375 0.5359375 0.0453125 0.0625
6 0.546875 0.534375 0.0453125 0.0578125
6 0.59765625 0.53046875 0.0484375 0.0640625
6 0.64609375 0.5296875 0.0484375 0.0640625
5 0.80078125 0.52578125 0.0515625 0.0625
5 0.7484375 0.528125 0.0515625 0.0640625
5 0.69609375 0.5296875 0.0484375 0.065625
11 0.8546875 0.52890625 0.0546875 0.065625
11 0.9109375 0.5296875 0.05625 0.0671875