4 0.7859375 0.73828125 0.0671875 0.0828125
4 0.734375 0.72890625 0.0671875 0.0875
7 0.63359375 0.70703125 0.065625 0.090625
7 0.57890625 0.6953125 0.0625 0.0890625
7 0.52421875 0.6765625 0.059375 0.0828125
7 0.471875 0.6640625 0.0609375 0.0828125
32 0.83828125 0.7515625 0.0640625 0.0875
37 0.6828125 0.72109375 0.0671875 0.0875
36 0.4203125 0.65390625 0.0625 0.0890625
36 0.3671875 0.64296875 0.0640625 0.0859375
36 0.31171875 0.63046875 0.059375 0.0859375
28 0.25703125 0.6171875 0.0671875 0.0921875
34 0.19921875 0.60546875 0.0578125 0.0875
34 0.14375 0.590625 0.059375 0.0875
34 0.0890625 0.5796875 0.059375 0.0890625