25 0.88359375 0.65 0.0640625 0.1046875
25 0.825 0.6421875 0.0625 0.103125
25 0.765625 0.6359375 0.0640625 0.1046875
23 0.70390625 0.6296875 0.0671875 0.10625
23 0.64296875 0.62421875 0.065625 0.1046875
22 0.58203125 0.61640625 0.0671875 0.10625
22 0.521875 0.61015625 0.0671875 0.1046875
22 0.46015625 0.60390625 0.0671875 0.10625
21 0.3984375 0.59765625 0.06875 0.1078125
20 0.3375 0.590625 0.0703125 0.1078125
19 0.27421875 0.58515625 0.0703125 0.1078125
20 0.2125 0.578125 0.06875 0.1078125
19 0.14921875 0.5703125 0.0734375 0.109375
18 0.0875 0.56328125 0.0671875 0.1078125