35 0.8484375 0.63515625 0.075 0.1453125
35 0.7890625 0.62734375 0.071875 0.146875
35 0.7328125 0.6203125 0.0703125 0.146875
31 0.6765625 0.6125 0.0734375 0.1453125
31 0.61953125 0.6046875 0.0734375 0.1453125
18 0.5640625 0.5953125 0.0734375 0.14375
18 0.51015625 0.5875 0.071875 0.1390625
18 0.4546875 0.5796875 0.071875 0.140625
8 0.39921875 0.5734375 0.0734375 0.1421875
8 0.346875 0.5640625 0.071875 0.1453125
8 0.29296875 0.55859375 0.071875 0.140625
9 0.24140625 0.55078125 0.071875 0.140625
9 0.18984375 0.5421875 0.06875 0.134375
9 0.134375 0.53359375 0.071875 0.1375
41 0.08359375 0.525 0.0671875 0.1375
27 0.03203125 0.51328125 0.0640625 0.1375