38 0.23046875 0.60390625 0.05625 0.0859375
30 0.16484375 0.60390625 0.0671875 0.0859375
37 0.8015625 0.61953125 0.0671875 0.0828125
37 0.7375 0.61875 0.065625 0.08125
37 0.67421875 0.61953125 0.0640625 0.0890625
33 0.61171875 0.6171875 0.05625 0.078125
33 0.54921875 0.6125 0.053125 0.071875
33 0.48515625 0.60703125 0.05 0.075
22 0.68203125 0.75078125 0.0625 0.090625
22 0.60859375 0.7484375 0.0609375 0.08125
22 0.53828125 0.7515625 0.0578125 0.0890625
24 0.46875 0.75 0.0609375 0.096875
24 0.39921875 0.75 0.0609375 0.096875
18 0.421875 0.60703125 0.0546875 0.08125
18 0.359375 0.603125 0.05625 0.0765625
18 0.29765625 0.60390625 0.0546875 0.08125