34 0.8921875 0.7484375 0.046875 0.1203125
34 0.83671875 0.74765625 0.0515625 0.125
34 0.78125 0.7453125 0.059375 0.134375
19 0.72890625 0.7390625 0.053125 0.1296875
19 0.678125 0.73046875 0.059375 0.134375
21 0.62421875 0.7328125 0.05625 0.128125
22 0.571875 0.7296875 0.05625 0.1328125
23 0.51953125 0.72734375 0.0578125 0.1328125
22 0.46640625 0.72421875 0.0609375 0.1359375
22 0.41328125 0.72265625 0.0609375 0.134375
22 0.36171875 0.7203125 0.0609375 0.1375
18 0.309375 0.7171875 0.0625 0.1375
19 0.25546875 0.71328125 0.0609375 0.134375
20 0.20390625 0.7109375 0.0578125 0.134375
30 0.153125 0.70703125 0.059375 0.1328125
28 0.09921875 0.70390625 0.065625 0.134375
39 0.0453125 0.7 0.0578125 0.13125