11 0.93046875 0.475 0.0609375 0.0671875
13 0.86640625 0.48203125 0.0765625 0.0703125
16 0.80078125 0.49140625 0.0640625 0.065625
9 0.73984375 0.503125 0.065625 0.065625
12 0.6734375 0.50390625 0.0703125 0.078125
15 0.60859375 0.51171875 0.0640625 0.071875
11 0.54609375 0.5234375 0.0625 0.0703125
16 0.47890625 0.5296875 0.0578125 0.071875
17 0.4125 0.53515625 0.05625 0.0703125
15 0.34609375 0.54609375 0.05625 0.0734375
14 0.2796875 0.55390625 0.059375 0.0765625
14 0.2140625 0.56328125 0.0625 0.078125
17 0.14453125 0.5703125 0.0625 0.078125
16 0.08125 0.5796875 0.0640625 0.071875