2 0.621875 0.49609375 0.059375 0.084375
2 0.453125 0.5140625 0.0578125 0.0875
1 0.5640625 0.5015625 0.053125 0.084375
1 0.396875 0.52109375 0.05625 0.090625
0 0.509375 0.50859375 0.05625 0.090625
0 0.3390625 0.52890625 0.05625 0.0921875
8 0.7921875 0.47578125 0.0640625 0.090625
8 0.28203125 0.53359375 0.05625 0.0890625
7 0.7359375 0.48046875 0.05625 0.084375
7 0.22578125 0.540625 0.05 0.0890625
6 0.90546875 0.46328125 0.0515625 0.0859375
6 0.8515625 0.46796875 0.046875 0.0859375
6 0.67890625 0.48828125 0.0546875 0.0859375
6 0.16953125 0.546875 0.059375 0.09375
40 0.11171875 0.55234375 0.053125 0.090625