8 0.890625 0.57890625 0.078125 0.1125
8 0.8296875 0.5640625 0.078125 0.1140625
8 0.7671875 0.55078125 0.08125 0.1140625
5 0.70625 0.53671875 0.08125 0.1171875
5 0.64453125 0.52265625 0.08125 0.1171875
5 0.58359375 0.5078125 0.0796875 0.115625
6 0.521875 0.4921875 0.08125 0.1140625
5 0.4609375 0.48046875 0.08125 0.115625
4 0.4015625 0.4640625 0.0828125 0.1171875
3 0.340625 0.45078125 0.0828125 0.115625
2 0.278125 0.43515625 0.0828125 0.1125
1 0.215625 0.42421875 0.0828125 0.1125
0 0.15546875 0.41015625 0.078125 0.1125
0 0.09296875 0.39296875 0.075 0.1125