29 0.9447888640625 0.49611209062499995 0.9819822796875 0.4921746640625 0.9921636421875 0.4894465765625 0.989116734375 0.4780753578125 0.9604406015625001 0.414111890625 0.9124382000000001 0.4194525109375 0.9447888640625 0.49611209062499995
39 0.9009407296875 0.525213015625 0.9123899578125 0.5221452046875 0.9491133671875 0.5098918515624999 0.9483617140625 0.507086646875 0.907377184375 0.43311099375 0.8612450468749999 0.44759241875000005 0.8616830234374999 0.44922697031250003 0.9009407296875 0.525213015625
26 0.884253196875 0.536154903125 0.8996942234375 0.530716334375 0.8965724015625 0.5190655390625001 0.8612577984374999 0.45130939843749995 0.8122529671875001 0.4665289171875 0.8522128328124999 0.5447400921875001 0.884253196875 0.536154903125
25 0.8028103609375 0.566065540625 0.809064865625 0.5643896515625 0.8527707718749999 0.5487807953125 0.8521009218750001 0.546280884375 0.8128294796875 0.4688380546875 0.7642200906250001 0.483934759375 0.764806296875 0.4861225078125 0.8028103609375 0.566065540625
24 0.796892053125 0.569268965625 0.801242378125 0.5677704859375 0.79954600625 0.561439540625 0.7638062156250001 0.48651863281249996 0.7148013843750001 0.5017381484375 0.75023116875 0.5817717109375 0.796892053125 0.569268965625
18 0.727485215625 0.5959545671875001 0.7499577656249999 0.5876699796875 0.7477648359375 0.5794858546875 0.713721875 0.5040739765625 0.6613987859375 0.5201670703125 0.69679866875 0.6041770015625 0.727485215625 0.5959545671875001
18 0.692621928125 0.60529615625 0.694659646875 0.6046649421875 0.693387103125 0.599915746875 0.6602889234375 0.5177363015625 0.6067692234375001 0.5345128296875 0.6398630625 0.6194328515625 0.692621928125 0.60529615625
18 0.5858256749999999 0.6420002203124999 0.6393511265625 0.62765811875 0.6328922140625 0.603553128125 0.6078076609374999 0.5381085125 0.5542879609375 0.554885040625 0.5858256749999999 0.6420002203124999
23 0.5654239140625 0.6587901890625 0.5844553828125 0.6521917953124999 0.5739995234374999 0.61317 0.55613566875 0.5601254421874999 0.5010313531249999 0.57768936875 0.5317945921875 0.6678011390624999 0.5654239140625 0.6587901890625
23 0.531434671875 0.6718939390625 0.50071925625 0.580688228125 0.5001330359375 0.5808453046875 0.4456058875 0.5982252671875 0.47370037343750004 0.6914555328125 0.47852904374999994 0.6901616953125 0.531434671875 0.6718939390625
20 0.46754439843749995 0.6867629046875 0.4426593625 0.5938906875 0.3870833 0.6122556421875001 0.4110884421875 0.7033794921875 0.4486159703125 0.693324021875 0.46754439843749995 0.6867629046875
20 0.38663219375 0.6323129359374999 0.362986703125 0.5440667671875 0.30838154375000004 0.559962771875 0.3292566015625 0.6492781734374999 0.35830098125 0.64149575625 0.38663219375 0.6323129359374999
20 0.3513280203125 0.7429296921875 0.3407260734375 0.702470421875 0.32560044375 0.646020803125 0.266822871875 0.6681019046875 0.2912459796875 0.7646083265625 0.3052318234375 0.76086083125 0.3513280203125 0.7429296921875
25 0.23435381406250003 0.7944111078125 0.29173073125000004 0.7731728437500001 0.265407184375 0.6749320265625001 0.20768956875 0.696801971875 0.22743881093749999 0.7867876609375 0.229807890625 0.795629184375 0.23435381406250003 0.7944111078125
25 0.22702423437500002 0.7949640328124999 0.221081715625 0.7690996953125 0.20160791718749999 0.6964224875 0.2000605953125 0.696837090625 0.144338890625 0.71626181875 0.16435580156250001 0.8180198750000001 0.1725818328125 0.8158157171875 0.22702423437500002 0.7949640328124999
9 0.02128544375 0.1688673734375 0.0714399375 0.144221571875 0.06800691875 0.131409371875 0.0593846625 0.10748326875 0.0023924734374999998 0.1311842109375 0.016195053125 0.17023133906250001 0.02128544375 0.1688673734375
2 0.11461027187499999 0.5287058015625 0.11233660781249999 0.5202203734374999 0.04271025625 0.51158591875 0.0331938859375 0.5779480968749999 0.1061029765625 0.5843750171875 0.11461027187499999 0.5287058015625
5 0.12900185 0.1642691359375 0.126822153125 0.1275404671875 0.12275114843749999 0.1123472703125 0.082785390625 0.117127365625 0.083893675 0.170160078125 0.12741907187499998 0.1646932390625 0.12900185 0.1642691359375
5 0.10877732031250001 0.397772565625 0.11043633281250001 0.39732803437499997 0.1263074328125 0.3489898515625 0.1260571640625 0.3480558375 0.0647616171875 0.3330407109375 0.04642854375 0.382914784375 0.046511009375 0.3832225484375 0.10877732031250001 0.397772565625
9 0 0.31760816875 0.0241130140625 0.29963209062499996 0.022919076562499998 0.29517625937499997 0 0.255921621875 0 0.31760816875
10 0.1339685296875 0.172322215625 0.10018963593750001 0.1800774390625 0.09117097187499999 0.1824939828125 0.1011910546875 0.2409007859375 0.1155494 0.23743132656250002 0.149011959375 0.2284650609375 0.1339685296875 0.172322215625
5 0.21339486875000002 0.10606847500000001 0.2090538578125 0.07824821875 0.20711468125 0.0710111140625 0.14862848281250002 0.0781341765625 0.1523268703125 0.1157539921875 0.21168139218749998 0.10652759999999999 0.21339486875000002 0.10606847500000001
7 0.2972419515625 0.13051266875 0.29285833437500003 0.11330710937499999 0.2874347875 0.09306615781250001 0.23004745781249997 0.10116345468750002 0.2380541890625 0.142906696875 0.27130536250000004 0.13746235625 0.2972419515625 0.13051266875
2 0 0.20166880156250003 0.0020292578125 0.2313913375 0.04153031875 0.2216770609375 0.065836053125 0.21516435937499997 0.06136820625 0.1851148359375 0.05791133281250001 0.1722136046875 0.028365214062499998 0.1799113078125 0 0.18751174375 0 0.20166880156250003
23 0.19759014531250002 0.192801909375 0.2027276890625 0.1914253078125 0.2048836953125 0.137997425 0.1597141453125 0.13746480625 0.1552890046875 0.194507959375 0.19759014531250002 0.192801909375
4 0.3298581859375 0.2948584109375 0.3466967703125 0.241790453125 0.3450680734375 0.23571207031250002 0.3018002171875 0.2207978609375 0.2824046375 0.280162078125 0.3259155546875 0.2959148359375 0.3298581859375 0.2948584109375
23 0.41220176718749996 0.2266658609375 0.40324039375 0.19322155937500002 0.3436494109375 0.19946425 0.3527048625 0.24441358124999998 0.414445434375 0.23777724218750002 0.41220176718749996 0.2266658609375
1 0.3319126015625 0.48518697812499995 0.38272731718749997 0.47157121718750006 0.3654779328125 0.3982658890625 0.31342226875 0.40916257500000003 0.3287005578125 0.48587186562499995 0.3319126015625 0.48518697812499995
24 0.6564883328125 0.3804233640625 0.6576560312499999 0.3801104796875 0.6814729609375 0.3260441765625 0.6810247328125001 0.324371365625 0.6367341546875 0.295355515625 0.6093203453125 0.346544696875 0.609474065625 0.3471183875 0.6564883328125 0.3804233640625
24 0.5297863109375001 0.403802996875 0.58860140625 0.3937607546875 0.5940790484375 0.3922930234375 0.5908390734375 0.3802012703125 0.5777295875 0.3394664375 0.5158402234375 0.3518407671875 0.5297863109375001 0.403802996875
10 0.16610145625 0.4082945140625 0.2050773359375 0.35318538906249997 0.2039663734375 0.34903921875 0.165033434375 0.31834016875 0.123398215625 0.377566396875 0.164058615625 0.40884189062500004 0.16610145625 0.4082945140625
14 0.3632930015625 0.0901676765625 0.3850144625 0.070868134375 0.38447722500000003 0.068863134375 0.34346003281250004 0.03532133125 0.31714099375 0.061410890625000006 0.3573470921875 0.091760878125 0.3632930015625 0.0901676765625
16 0.2774221109375 0.23611575937499998 0.2929457578125 0.20418892500000002 0.291403678125 0.1984338046875 0.2393498546875 0.17402125156249998 0.21679962343749998 0.21208695312499998 0.2725490640625 0.2374214890625 0.2774221109375 0.23611575937499998
17 0.5154620421875 0.2985074359375 0.5339733484375 0.252494003125 0.533303878125 0.24999550625000003 0.492854040625 0.2273681421875 0.4732221421875 0.2822944390625 0.511192475 0.2996514640625 0.5154620421875 0.2985074359375
15 0.493463315625 0.4774872140625 0.501396209375 0.4753616015625 0.4990043703125 0.4059010625 0.4487430265625 0.3977242109375 0.4478121265625 0.47076708749999996 0.493463315625 0.4774872140625
2 0.3440777546875 0.370311621875 0.3907256953125 0.35781234375 0.3757836609375 0.3020479140625 0.3723039546875 0.2907702515625 0.32579479375 0.3037257109375 0.3440777546875 0.370311621875
17 0.099734428125 0.5053408375 0.10587153125 0.42968498125 0.10404398906250001 0.42286450000000003 0.0533827515625 0.422753134375 0.0436578828125 0.5022881296875 0.09635715 0.5062457765625 0.099734428125 0.5053408375
33 0.12655494375 0.2593580328125 0.125097875 0.2539201796875 0.0776011828125 0.2643497265625 0.0834195203125 0.328539071875 0.133707490625 0.31506445156249996 0.12655494375 0.2593580328125
9 0.2761757296875 0.393358771875 0.27230450156249997 0.326376909375 0.271226953125 0.32235544531250004 0.21876145 0.324903715625 0.2215340609375 0.3964700015625 0.2736723484375 0.39402955156249997 0.2761757296875 0.393358771875
36 0.27128761875 0.08893854062499999 0.282302709375 0.08598705625 0.27354380312500004 0.053298368750000005 0.22219132031250002 0.059309657812500007 0.227042446875 0.09517703281249999 0.27128761875 0.08893854062499999
35 0.50263881875 0.2032686484375 0.5372918765625 0.1682863375 0.5366526656249999 0.1659007703125 0.5016529750000001 0.13468566875000001 0.4623424546875 0.1747114734375 0.49870244062499997 0.204323396875 0.50263881875 0.2032686484375
33 0.16544756562500001 0.5378792453125001 0.21171076875 0.51075649375 0.207683959375 0.4957282375 0.1781789171875 0.43459875625000005 0.1276747421875 0.46645605625000003 0.1585793890625 0.53971956875 0.16544756562500001 0.5378792453125001
37 0.20321186562500002 0.289970334375 0.2173635953125 0.2300013125 0.21731550156249999 0.229821825 0.1683587078125 0.22372366875 0.15627680156249998 0.2845361046875 0.199759253125 0.290895459375 0.20321186562500002 0.289970334375
31 0.4142765046875 0.1865047828125 0.40905385 0.1485102734375 0.4045067015625 0.1315400859375 0.3643089796875 0.131285175 0.36872971718750003 0.18834879531249998 0.409585440625 0.18776175 0.4142765046875 0.1865047828125
37 0.502484434375 0.13213477812500002 0.5117527109375 0.12965135 0.5110433484375 0.082399571875 0.510045621875 0.0786760015625 0.46849862187499997 0.0727632921875 0.46683138125 0.128694534375 0.4669019 0.1289577171875 0.502484434375 0.13213477812500002
32 0.45317443749999997 0.366961159375 0.5017575734374999 0.33752233125000003 0.5003839296875 0.3323958265625 0.4728104453125 0.2897358390625 0.42165695468750003 0.3257445390625 0.44711282968750005 0.3685853609375 0.45317443749999997 0.366961159375
0 0.2988969640625 0.48432777812500005 0.3101060296875 0.413120803125 0.30885134375 0.4084382515625 0.25915356875 0.3965874078125 0.2441646703125 0.47294333125000004 0.2976581265625 0.4846597234375 0.2988969640625 0.48432777812500005
25 0.15959010468749998 0.81601175625 0.14734819375 0.753515009375 0.1365819140625 0.7133347046875 0.0775118953125 0.7344333234375 0.0957147015625 0.8396474406250001 0.0960175046875 0.8395663046875 0.15959010468749998 0.81601175625