16 0.8984375 0.44296875 0.065625 0.10625
16 0.83671875 0.45 0.06875 0.10625
16 0.77421875 0.45546875 0.06875 0.10625
34 0.71328125 0.4625 0.0671875 0.109375
34 0.65 0.46796875 0.06875 0.10625
17 0.5875 0.47421875 0.0703125 0.10625
17 0.5265625 0.48046875 0.071875 0.1078125
17 0.4640625 0.4875 0.0703125 0.1109375
31 0.4 0.49296875 0.0734375 0.109375
31 0.33671875 0.5 0.0703125 0.1125
31 0.2734375 0.50546875 0.071875 0.1109375
0 0.20546875 0.509375 0.0734375 0.1109375
0 0.140625 0.51640625 0.0671875 0.1109375
0 0.075 0.521875 0.0703125 0.1140625