10 0.90390625 0.4078125 0.075 0.103125
10 0.84296875 0.421875 0.0734375 0.1078125
11 0.78359375 0.434375 0.0734375 0.1078125
11 0.7234375 0.44453125 0.075 0.109375
11 0.665625 0.45859375 0.0796875 0.1125
7 0.60546875 0.46875 0.0765625 0.1078125
7 0.54375 0.48203125 0.075 0.1078125
7 0.484375 0.49375 0.0765625 0.1125
1 0.4234375 0.50546875 0.0765625 0.1078125
1 0.3640625 0.51796875 0.08125 0.1140625
1 0.30234375 0.53125 0.0796875 0.1125
18 0.23984375 0.54296875 0.08125 0.1140625
18 0.17734375 0.55625 0.0796875 0.10625
18 0.115625 0.56796875 0.075 0.1125