39 0.0734375 0.60234375 0.0578125 0.1015625
1 0.13671875 0.60390625 0.0578125 0.0953125
1 0.19609375 0.60859375 0.059375 0.0984375
1 0.25625 0.609375 0.05625 0.0953125
2 0.31484375 0.61328125 0.059375 0.1
4 0.37421875 0.61953125 0.0546875 0.09375
3 0.4328125 0.62578125 0.0578125 0.0953125
8 0.4890625 0.62734375 0.0578125 0.0953125
7 0.54765625 0.63046875 0.0609375 0.096875
6 0.6046875 0.634375 0.059375 0.0953125
7 0.66171875 0.63828125 0.0609375 0.0921875
6 0.71796875 0.6421875 0.0609375 0.09375
5 0.77734375 0.64765625 0.0578125 0.0921875
0 0.83359375 0.64921875 0.0546875 0.0875
0 0.89296875 0.6546875 0.0609375 0.09375