20 0.93828125 0.640625 0.071875 0.11875
37 0.8765625 0.63359375 0.071875 0.121875
37 0.81171875 0.628125 0.0734375 0.121875
31 0.746875 0.6203125 0.0765625 0.125
16 0.67890625 0.6125 0.078125 0.1234375
15 0.61328125 0.60390625 0.0765625 0.1234375
14 0.5453125 0.59609375 0.078125 0.121875
13 0.47890625 0.5890625 0.078125 0.125
12 0.41171875 0.58046875 0.0828125 0.1265625
12 0.27421875 0.56484375 0.08125 0.1265625
11 0.34375 0.57265625 0.0765625 0.1234375
11 0.20390625 0.55625 0.08125 0.1265625
10 0.1359375 0.55 0.08125 0.1265625
30 0.06796875 0.5390625 0.078125 0.1234375