6 0.9484375 0.60234375 0.0453125 0.084375
6 0.88984375 0.6046875 0.05 0.0890625
6 0.83046875 0.6046875 0.046875 0.0890625
14 0.77265625 0.60625 0.05 0.0921875
14 0.71484375 0.60546875 0.05 0.0953125
37 0.659375 0.60703125 0.0515625 0.096875
37 0.603125 0.60546875 0.0484375 0.0984375
37 0.5453125 0.60546875 0.0515625 0.0953125
32 0.490625 0.60390625 0.0546875 0.096875
32 0.434375 0.6046875 0.0546875 0.09375
32 0.3796875 0.603125 0.0546875 0.09375
10 0.325 0.603125 0.0546875 0.0953125
10 0.26796875 0.6046875 0.05625 0.0953125
10 0.21328125 0.603125 0.053125 0.0953125
10 0.15859375 0.6015625 0.05625 0.0921875
30 0.1015625 0.60078125 0.0578125 0.0921875
40 0.04609375 0.603125 0.046875 0.0890625