25 0.86953125 0.6828125 0.071875 0.1078125
25 0.8109375 0.66953125 0.0703125 0.10625
25 0.753125 0.65859375 0.0734375 0.109375
23 0.6921875 0.64765625 0.075 0.109375
23 0.63125 0.6359375 0.0734375 0.1078125
22 0.571875 0.62265625 0.0765625 0.109375
22 0.51171875 0.61171875 0.075 0.109375
22 0.4515625 0.6 0.075 0.1109375
21 0.38984375 0.58828125 0.0765625 0.1109375
20 0.33046875 0.5765625 0.078125 0.1125
19 0.26796875 0.565625 0.0796875 0.1125
20 0.20703125 0.553125 0.0765625 0.1125
19 0.14453125 0.53984375 0.08125 0.1140625
18 0.08359375 0.52734375 0.075 0.1109375