11 0.9390625 0.54609375 0.0625 0.0625
13 0.86640625 0.53359375 0.05625 0.0578125
16 0.81015625 0.5265625 0.0671875 0.059375
9 0.74453125 0.51875 0.0703125 0.0578125
12 0.6765625 0.5109375 0.065625 0.0625
15 0.60859375 0.50234375 0.0578125 0.05625
11 0.54296875 0.49609375 0.0609375 0.0578125
16 0.4765625 0.48984375 0.05625 0.059375
17 0.41171875 0.4828125 0.0609375 0.065625
15 0.34375 0.47421875 0.05625 0.0640625
14 0.27578125 0.46875 0.053125 0.0640625
14 0.20703125 0.46171875 0.0578125 0.0578125
17 0.1328125 0.44921875 0.0578125 0.0625
16 0.071875 0.4453125 0.0671875 0.059375