38 0.05625 0.4859375 0.0515625 0.0859375
27 0.11171875 0.48671875 0.0484375 0.0875
32 0.16875 0.48984375 0.0484375 0.0796875
32 0.225 0.49140625 0.0484375 0.0828125
32 0.28046875 0.49375 0.046875 0.0828125
33 0.3390625 0.49296875 0.0484375 0.0796875
33 0.39609375 0.496875 0.046875 0.084375
33 0.45 0.496875 0.0453125 0.0828125
33 0.50546875 0.496875 0.04375 0.075
14 0.5609375 0.5 0.0453125 0.0765625
14 0.61484375 0.50234375 0.046875 0.0796875
12 0.6703125 0.50234375 0.0453125 0.0765625
12 0.728125 0.503125 0.0515625 0.08125
12 0.78359375 0.50546875 0.04375 0.08125
16 0.8390625 0.5046875 0.0453125 0.078125
16 0.89453125 0.5078125 0.046875 0.084375
16 0.94609375 0.50625 0.0453125 0.0796875