3 0.3703125 0.4484375 0.0546875 0.065625
3 0.3140625 0.4328125 0.0546875 0.0671875
3 0.253125 0.415625 0.05625 0.0671875
13 0.19453125 0.4 0.0609375 0.06875
13 0.1359375 0.38125 0.0640625 0.0734375
23 0.91171875 0.51328125 0.06875 0.071875
23 0.85546875 0.49765625 0.0640625 0.065625
23 0.80234375 0.4828125 0.0625 0.0671875
22 0.74765625 0.465625 0.0609375 0.0671875
22 0.69296875 0.4515625 0.0625 0.0671875
22 0.6390625 0.43359375 0.059375 0.0640625
26 0.5859375 0.4203125 0.0625 0.0671875
26 0.5328125 0.403125 0.05625 0.0640625
26 0.48046875 0.3890625 0.0578125 0.0640625
41 0.428125 0.37265625 0.0625 0.06875
39 0.37578125 0.35703125 0.0578125 0.065625
38 0.321875 0.33984375 0.0609375 0.0625
30 0.26796875 0.3265625 0.06875 0.071875