40 0.76796875 0.8015625 0.0421875 0.0828125
38 0.7265625 0.80078125 0.040625 0.078125
27 0.684375 0.8078125 0.0421875 0.0796875
14 0.64140625 0.80625 0.0390625 0.0796875
13 0.5984375 0.7953125 0.0375 0.078125
12 0.55625 0.79609375 0.0375 0.0796875
11 0.515625 0.790625 0.0421875 0.08125
10 0.46953125 0.79765625 0.0359375 0.078125
9 0.42734375 0.79765625 0.0390625 0.0828125
17 0.3828125 0.80390625 0.0359375 0.08125
17 0.33984375 0.825 0.0359375 0.0796875
15 0.29609375 0.8171875 0.0359375 0.08125
12 0.2515625 0.82578125 0.034375 0.078125
17 0.20390625 0.8421875 0.034375 0.0859375
16 0.16015625 0.83828125 0.0375 0.084375
15 0.1125 0.83671875 0.0390625 0.0828125