18 0.1203125 0.47890625 0.0546875 0.0921875
19 0.1828125 0.47890625 0.0515625 0.09375
20 0.24453125 0.48203125 0.05625 0.0921875
20 0.30703125 0.4828125 0.053125 0.090625
21 0.36875 0.484375 0.0546875 0.0890625
22 0.4296875 0.48671875 0.053125 0.0921875
23 0.48984375 0.49140625 0.053125 0.09375
23 0.54921875 0.49140625 0.05 0.090625
23 0.60859375 0.49375 0.0484375 0.090625
24 0.66875 0.49609375 0.053125 0.090625
24 0.728125 0.49765625 0.053125 0.096875
24 0.78828125 0.5015625 0.053125 0.09375
33 0.8484375 0.5015625 0.05 0.0796875
33 0.9078125 0.50390625 0.04375 0.08125