1 0.93828125 0.5796875 0.0609375 0.1015625
2 0.87109375 0.57265625 0.0671875 0.1
2 0.80390625 0.56328125 0.06875 0.1078125
4 0.7390625 0.55078125 0.071875 0.109375
3 0.6671875 0.54609375 0.065625 0.1046875
4 0.59921875 0.5359375 0.0671875 0.10625
5 0.5296875 0.528125 0.0703125 0.1078125
3 0.4625 0.515625 0.065625 0.1
4 0.38984375 0.50546875 0.06875 0.1046875
5 0.3171875 0.49921875 0.06875 0.1109375
7 0.24453125 0.48828125 0.0734375 0.109375
8 0.1703125 0.48203125 0.078125 0.109375
6 0.09609375 0.4703125 0.0765625 0.1140625