31 0.96953125 0.65390625 0.0546875 0.0921875
31 0.9140625 0.6609375 0.0546875 0.09375
15 0.8578125 0.66484375 0.0609375 0.0953125
14 0.80078125 0.66796875 0.05625 0.0921875
13 0.74609375 0.67265625 0.053125 0.090625
12 0.6921875 0.67734375 0.05625 0.0921875
11 0.63828125 0.68046875 0.0578125 0.09375
10 0.58359375 0.6890625 0.0578125 0.09375
17 0.53125 0.69296875 0.0578125 0.0953125
16 0.47734375 0.696875 0.0578125 0.0953125
15 0.42421875 0.70234375 0.059375 0.0921875
14 0.371875 0.70703125 0.0578125 0.09375
13 0.3203125 0.71328125 0.05625 0.090625
12 0.26796875 0.71953125 0.0578125 0.09375
41 0.21484375 0.725 0.059375 0.09375
40 0.1625 0.72890625 0.0578125 0.09375
39 0.1109375 0.7359375 0.0578125 0.0921875
38 0.059375 0.73828125 0.0515625 0.0890625