17 0.909375 0.53125 0.0734375 0.1140625
16 0.8515625 0.54296875 0.0734375 0.109375
17 0.73203125 0.56875 0.0765625 0.1125
16 0.671875 0.58046875 0.075 0.1109375
15 0.7921875 0.5546875 0.071875 0.1109375
15 0.6125 0.59296875 0.0796875 0.1125
13 0.55234375 0.60390625 0.075 0.1109375
13 0.49296875 0.61640625 0.0765625 0.1125
12 0.43359375 0.628125 0.078125 0.1140625
12 0.3734375 0.64140625 0.078125 0.1171875
12 0.3125 0.65390625 0.08125 0.1125
11 0.25234375 0.66640625 0.078125 0.1140625
10 0.18984375 0.68046875 0.084375 0.1140625
9 0.128125 0.69140625 0.0765625 0.109375