37 0.87265625 0.47109375 0.0671875 0.0765625
37 0.81640625 0.4828125 0.0546875 0.0703125
37 0.75703125 0.4890625 0.0625 0.0796875
8 0.7015625 0.49921875 0.0625 0.0796875
8 0.6453125 0.50859375 0.0609375 0.078125
5 0.5921875 0.52265625 0.0609375 0.0796875
4 0.53359375 0.52890625 0.059375 0.0796875
3 0.4765625 0.53984375 0.05625 0.0828125
3 0.41875 0.546875 0.0640625 0.0828125
2 0.3578125 0.553125 0.0578125 0.0765625
1 0.3 0.5640625 0.0515625 0.0796875
2 0.2390625 0.57265625 0.0515625 0.0828125
1 0.18046875 0.5859375 0.0546875 0.084375
0 0.1203125 0.59140625 0.0578125 0.0796875