31 0.90078125 0.4890625 0.059375 0.103125
31 0.8390625 0.48828125 0.0578125 0.10625
31 0.77578125 0.4875 0.059375 0.1046875
33 0.71171875 0.4859375 0.0625 0.103125
33 0.64765625 0.4859375 0.0625 0.10625
33 0.584375 0.484375 0.0578125 0.1046875
35 0.51953125 0.48046875 0.059375 0.1046875
35 0.4546875 0.48046875 0.0609375 0.1078125
35 0.38984375 0.47890625 0.059375 0.1046875
8 0.32421875 0.478125 0.0609375 0.1078125
8 0.25859375 0.475 0.0609375 0.1078125
0 0.190625 0.47578125 0.0609375 0.1046875
0 0.12578125 0.47421875 0.0609375 0.10625
0 0.0578125 0.47265625 0.0609375 0.109375