28 0.90390625 0.690625 0.0640625 0.1015625
8 0.8421875 0.6859375 0.0625 0.10625
7 0.7828125 0.675 0.059375 0.103125
6 0.72265625 0.66640625 0.0609375 0.103125
8 0.66171875 0.65703125 0.059375 0.1046875
7 0.60234375 0.6453125 0.0609375 0.1015625
6 0.54375 0.63984375 0.05625 0.096875
4 0.48125 0.63125 0.0546875 0.1015625
3 0.425 0.6234375 0.059375 0.1078125
2 0.36328125 0.6171875 0.053125 0.0984375
32 0.30546875 0.6078125 0.0578125 0.1
32 0.246875 0.60078125 0.0578125 0.1015625
32 0.1859375 0.5953125 0.0546875 0.0984375
1 0.12578125 0.58671875 0.0546875 0.096875
1 0.0671875 0.578125 0.0546875 0.0921875