17 0.915625 0.5609375 0.065625 0.10625
17 0.85390625 0.56796875 0.0671875 0.1109375
17 0.79296875 0.5765625 0.065625 0.1109375
15 0.73125 0.58359375 0.06875 0.1109375
15 0.66953125 0.5890625 0.0671875 0.1109375
15 0.6078125 0.5953125 0.0703125 0.1109375
13 0.5453125 0.6015625 0.06875 0.1078125
13 0.484375 0.60859375 0.0703125 0.1109375
13 0.42421875 0.61640625 0.0703125 0.109375
11 0.36328125 0.62265625 0.0703125 0.1109375
11 0.3 0.6296875 0.0734375 0.1125
11 0.23671875 0.63671875 0.075 0.1125
9 0.1734375 0.64453125 0.075 0.1125
9 0.11171875 0.65 0.0640625 0.1078125