38 0.05859375 0.54765625 0.0609375 0.090625
27 0.1140625 0.54140625 0.0578125 0.0921875
32 0.1703125 0.5359375 0.05625 0.0828125
32 0.2265625 0.5296875 0.05625 0.0875
32 0.28203125 0.52421875 0.0546875 0.0875
33 0.33984375 0.515625 0.05625 0.084375
33 0.396875 0.5109375 0.0546875 0.0890625
33 0.45 0.50390625 0.053125 0.0875
33 0.5046875 0.49609375 0.0515625 0.0796875
14 0.56015625 0.4921875 0.053125 0.08125
14 0.6140625 0.4859375 0.0546875 0.0828125
12 0.66875 0.478125 0.053125 0.08125
12 0.7265625 0.47109375 0.059375 0.0859375
12 0.78125 0.46640625 0.0515625 0.084375
16 0.83671875 0.45703125 0.053125 0.0828125
16 0.89140625 0.45234375 0.0546875 0.0875
16 0.94296875 0.44375 0.053125 0.0828125