35 0.90703125 0.53515625 0.0640625 0.1
35 0.8375 0.53359375 0.0625 0.0984375
35 0.76953125 0.53203125 0.0640625 0.1
1 0.571875 0.53203125 0.0578125 0.0984375
1 0.50625 0.53203125 0.0578125 0.1
1 0.44375 0.53046875 0.0609375 0.1015625
22 0.70078125 0.5296875 0.059375 0.084375
22 0.634375 0.534375 0.0625 0.09375
20 0.378125 0.528125 0.0546875 0.09375
20 0.31484375 0.53046875 0.05625 0.0953125
20 0.25234375 0.5296875 0.05 0.090625
4 0.18984375 0.53046875 0.05625 0.09375
4 0.12421875 0.5296875 0.05625 0.103125
4 0.06484375 0.5296875 0.05625 0.1