28 0.1234375 0.49296875 0.0515625 0.0890625
29 0.17421875 0.49375 0.0515625 0.0875
30 0.225 0.49765625 0.0515625 0.0875
3 0.275 0.503125 0.0453125 0.08125
4 0.3265625 0.50546875 0.05 0.0875
5 0.37734375 0.509375 0.0484375 0.0828125
0 0.428125 0.5109375 0.046875 0.078125
1 0.478125 0.515625 0.0484375 0.084375
1 0.57734375 0.5234375 0.0484375 0.08125
2 0.52890625 0.51953125 0.0484375 0.08125
2 0.6296875 0.5234375 0.0484375 0.08125
3 0.68515625 0.52890625 0.0453125 0.078125
3 0.73046875 0.53203125 0.04375 0.078125
4 0.7859375 0.53671875 0.0515625 0.0765625
5 0.83515625 0.5390625 0.05 0.08125
7 0.8890625 0.546875 0.0515625 0.0828125
7 0.94453125 0.55078125 0.0515625 0.0828125