28 0.896875 0.7046875 0.0671875 0.103125
8 0.83515625 0.69765625 0.0671875 0.1078125
7 0.7765625 0.68515625 0.0625 0.1046875
6 0.71640625 0.6734375 0.0640625 0.1046875
8 0.65625 0.6625 0.0625 0.1046875
7 0.59765625 0.64921875 0.0640625 0.103125
6 0.53828125 0.640625 0.059375 0.096875
4 0.4765625 0.63046875 0.0578125 0.103125
3 0.4203125 0.62109375 0.0625 0.1078125
2 0.359375 0.6125 0.05625 0.1
32 0.3015625 0.60078125 0.0609375 0.1
32 0.24296875 0.5921875 0.0609375 0.1015625
32 0.1828125 0.584375 0.0578125 0.1
1 0.12265625 0.5734375 0.0578125 0.0984375
1 0.06484375 0.56328125 0.0578125 0.0921875