27 0.1734375 0.45703125 0.090625 0.1296875
9 0.4078125 0.3453125 0.090625 0.125
9 0.47734375 0.3640625 0.090625 0.125
14 0.54375 0.38203125 0.0875 0.11875
15 0.609375 0.4015625 0.0859375 0.1203125
16 0.6765625 0.42109375 0.0890625 0.121875
16 0.24609375 0.478125 0.0859375 0.121875
16 0.31953125 0.49609375 0.090625 0.125
16 0.3921875 0.515625 0.0859375 0.1203125
31 0.46640625 0.5328125 0.0828125 0.1140625
31 0.5359375 0.54921875 0.0828125 0.115625
31 0.60390625 0.56640625 0.0859375 0.11875
13 0.6765625 0.5890625 0.084375 0.1171875
13 0.7484375 0.609375 0.0890625 0.1203125
13 0.82109375 0.6265625 0.0921875 0.1234375