30 0.078125 0.5625 0.0609375 0.1
41 0.1375 0.55546875 0.0625 0.0984375
12 0.1953125 0.553125 0.0609375 0.1
13 0.253125 0.54609375 0.059375 0.1015625
14 0.31171875 0.53984375 0.0609375 0.0984375
14 0.5390625 0.51015625 0.059375 0.1015625
15 0.5984375 0.50546875 0.0609375 0.0984375
16 0.65546875 0.49921875 0.0625 0.0984375
24 0.36875 0.53203125 0.0625 0.1
25 0.4265625 0.52421875 0.059375 0.0984375
26 0.4828125 0.5171875 0.0609375 0.1015625
20 0.7140625 0.496875 0.0625 0.096875
21 0.771875 0.48984375 0.0625 0.1
22 0.82734375 0.48515625 0.0609375 0.1015625
23 0.884375 0.48203125 0.05625 0.0984375
23 0.94140625 0.475 0.059375 0.0984375