31 0.08984375 0.65078125 0.0703125 0.1
31 0.15234375 0.6578125 0.0640625 0.0984375
31 0.2171875 0.66640625 0.0671875 0.10625
24 0.28046875 0.67421875 0.0703125 0.1078125
24 0.34140625 0.678125 0.0671875 0.103125
24 0.40234375 0.6875 0.0671875 0.1046875
24 0.4625 0.69140625 0.0625 0.0984375
23 0.5234375 0.70546875 0.0640625 0.1015625
23 0.58359375 0.71328125 0.059375 0.0953125
23 0.6421875 0.7171875 0.0640625 0.103125
21 0.70546875 0.72734375 0.0640625 0.0953125
21 0.7625 0.734375 0.0640625 0.09375
25 0.81953125 0.7390625 0.0640625 0.096875
25 0.87890625 0.74609375 0.0609375 0.0953125