4 0.9265625 0.45078125 0.0796875 0.0921875
4 0.86171875 0.4625 0.0703125 0.0921875
4 0.80234375 0.47578125 0.0703125 0.0859375
36 0.7375 0.48515625 0.0734375 0.0890625
36 0.671875 0.49609375 0.0703125 0.0890625
36 0.6109375 0.50625 0.0671875 0.0890625
8 0.54765625 0.521875 0.06875 0.0890625
8 0.48515625 0.53125 0.06875 0.09375
8 0.42265625 0.54375 0.0671875 0.0890625
0 0.359375 0.55390625 0.0703125 0.0890625
0 0.2921875 0.565625 0.0609375 0.0859375
33 0.22421875 0.58046875 0.0578125 0.0734375
33 0.16171875 0.59375 0.0609375 0.071875
33 0.09609375 0.60234375 0.059375 0.0859375