14 0.20078125 0.4171875 0.05 0.0796875
14 0.2515625 0.42421875 0.053125 0.0765625
14 0.3046875 0.43125 0.0515625 0.0859375
10 0.3578125 0.43359375 0.0546875 0.084375
10 0.41328125 0.43984375 0.0515625 0.078125
10 0.46328125 0.446875 0.05 0.078125
11 0.51328125 0.45390625 0.0546875 0.08125
12 0.56328125 0.45859375 0.053125 0.0765625
13 0.61640625 0.46328125 0.0546875 0.0796875
16 0.6703125 0.46953125 0.053125 0.08125
16 0.7234375 0.4765625 0.053125 0.08125
31 0.775 0.48046875 0.05 0.071875
31 0.828125 0.4859375 0.0546875 0.0765625
31 0.8796875 0.4875 0.05 0.075
29 0.0359375 0.4015625 0.0578125 0.090625