14 0.91796875 0.54921875 0.0421875 0.0828125
14 0.86015625 0.55546875 0.040625 0.0953125
15 0.8015625 0.5609375 0.040625 0.09375
16 0.74609375 0.56953125 0.0421875 0.0890625
17 0.6875 0.571875 0.04375 0.084375
13 0.628125 0.57890625 0.04375 0.090625
14 0.5671875 0.58515625 0.046875 0.090625
15 0.50859375 0.58828125 0.0453125 0.096875
10 0.4484375 0.59375 0.046875 0.09375
11 0.3890625 0.5921875 0.046875 0.103125
12 0.328125 0.6078125 0.05625 0.10625
15 0.26796875 0.60703125 0.0578125 0.1046875
16 0.20546875 0.61875 0.059375 0.10625
17 0.14296875 0.62421875 0.0578125 0.1078125
29 0.0796875 0.62890625 0.05625 0.103125