36 0.80078125 0.48671875 0.0578125 0.059375
36 0.7421875 0.4984375 0.0578125 0.059375
36 0.6828125 0.50859375 0.053125 0.0578125
31 0.39921875 0.5578125 0.0515625 0.0546875
31 0.34453125 0.56953125 0.0515625 0.053125
31 0.28828125 0.57890625 0.0484375 0.0578125
21 0.9203125 0.4671875 0.065625 0.0671875
21 0.85859375 0.47734375 0.0625 0.0640625
18 0.6234375 0.51875 0.059375 0.0640625
18 0.56796875 0.528125 0.0546875 0.0578125
18 0.5109375 0.534375 0.059375 0.0609375
18 0.45703125 0.5484375 0.0578125 0.0671875
19 0.23671875 0.58671875 0.046875 0.0609375
19 0.18203125 0.596875 0.0484375 0.059375
19 0.13046875 0.6046875 0.0515625 0.065625
30 0.07578125 0.61796875 0.0609375 0.0703125