14 0.06015625 0.46640625 0.05 0.0609375
14 0.1125 0.46484375 0.0484375 0.0609375
14 0.165625 0.4640625 0.0484375 0.059375
19 0.221875 0.4625 0.0390625 0.0578125
19 0.27734375 0.46328125 0.0390625 0.0640625
19 0.3328125 0.46015625 0.0390625 0.0578125
19 0.3875 0.45859375 0.0453125 0.0578125
36 0.44609375 0.45625 0.040625 0.0609375
36 0.50234375 0.45703125 0.040625 0.059375
36 0.56015625 0.453125 0.046875 0.059375
36 0.61953125 0.45234375 0.040625 0.0578125
13 0.67890625 0.44921875 0.046875 0.065625
13 0.740625 0.4515625 0.05 0.065625
13 0.80234375 0.45 0.046875 0.0640625
33 0.8640625 0.4484375 0.0484375 0.0546875
33 0.92734375 0.44765625 0.05 0.0515625