12 0.878125 0.815625 0.071875 0.109375
11 0.81875 0.81015625 0.0703125 0.10625
10 0.76015625 0.8 0.06875 0.1046875
9 0.70234375 0.790625 0.0671875 0.103125
9 0.64453125 0.78203125 0.0671875 0.10625
17 0.58828125 0.775 0.06875 0.10625
17 0.53125 0.76796875 0.0671875 0.10625
17 0.475 0.76171875 0.065625 0.10625
17 0.41953125 0.75390625 0.0625 0.0984375
16 0.3625 0.74609375 0.0609375 0.1015625
15 0.309375 0.73671875 0.0625 0.096875
13 0.25703125 0.7296875 0.059375 0.0984375
14 0.203125 0.72421875 0.0640625 0.0984375
15 0.146875 0.7203125 0.0640625 0.0984375
29 0.0921875 0.7140625 0.0578125 0.0984375