11 0.93359375 0.584375 0.0671875 0.065625
13 0.86171875 0.565625 0.0609375 0.0625
16 0.80625 0.553125 0.071875 0.0640625
9 0.7421875 0.53984375 0.075 0.0625
12 0.675 0.52578125 0.06875 0.0671875
15 0.60859375 0.51171875 0.0625 0.059375
11 0.54296875 0.5 0.065625 0.0609375
16 0.47734375 0.4875 0.0609375 0.0625
17 0.41328125 0.475 0.065625 0.06875
15 0.346875 0.4609375 0.0609375 0.0671875
14 0.27890625 0.44921875 0.0578125 0.0671875
14 0.21171875 0.4359375 0.0625 0.0625
17 0.1390625 0.4171875 0.0625 0.065625
16 0.078125 0.40859375 0.071875 0.0640625