8 0.85234375 0.54921875 0.090625 0.153125
8 0.7671875 0.55625 0.09375 0.1546875
8 0.678125 0.56484375 0.09375 0.1515625
7 0.58984375 0.5734375 0.096875 0.153125
6 0.50234375 0.58203125 0.096875 0.15625
5 0.41484375 0.58984375 0.096875 0.1578125
5 0.3265625 0.59921875 0.1 0.1578125
5 0.23671875 0.6078125 0.1 0.15625
5 0.14609375 0.61640625 0.103125 0.1578125
0 0.6609375 0.415625 0.0953125 0.15
0 0.575 0.42265625 0.09375 0.153125
4 0.48828125 0.43125 0.0953125 0.1515625
3 0.40078125 0.4390625 0.096875 0.1515625
2 0.31328125 0.44609375 0.1 0.1515625