17 0.909375 0.5125 0.0703125 0.1109375
16 0.85078125 0.52265625 0.0703125 0.1109375
15 0.790625 0.5328125 0.0734375 0.1140625
14 0.73125 0.54453125 0.0734375 0.1125
13 0.66953125 0.55625 0.0734375 0.1125
12 0.60859375 0.56640625 0.075 0.1140625
12 0.54765625 0.578125 0.0734375 0.1140625
11 0.48671875 0.5890625 0.0765625 0.1125
10 0.425 0.6 0.0765625 0.115625
10 0.36328125 0.6125 0.0765625 0.115625
10 0.30078125 0.62421875 0.0796875 0.1171875
11 0.2375 0.6359375 0.0796875 0.11875
10 0.17265625 0.646875 0.0796875 0.115625
9 0.10859375 0.6578125 0.078125 0.115625