26 0.94453125 0.6 0.0734375 0.0984375
25 0.8828125 0.58984375 0.0671875 0.096875
24 0.8265625 0.57734375 0.0703125 0.0953125
23 0.771875 0.5640625 0.0640625 0.0921875
22 0.715625 0.55 0.0703125 0.096875
21 0.6578125 0.54140625 0.06875 0.0921875
19 0.57265625 0.52109375 0.0671875 0.096875
19 0.51484375 0.51015625 0.059375 0.0953125
24 0.3953125 0.48984375 0.06875 0.096875
23 0.3390625 0.4796875 0.0703125 0.096875
22 0.2796875 0.4625 0.0671875 0.090625
31 0.15859375 0.4421875 0.0625 0.0875
31 0.09921875 0.43359375 0.06875 0.0921875
31 0.040625 0.41953125 0.0640625 0.090625