14 0.84765625 0.4453125 0.046875 0.0625
14 0.7984375 0.43828125 0.0390625 0.0625
14 0.75078125 0.43828125 0.0453125 0.065625
4 0.70078125 0.44296875 0.0453125 0.0640625
4 0.653125 0.4421875 0.04375 0.0609375
4 0.603125 0.4421875 0.0515625 0.0671875
6 0.55390625 0.440625 0.046875 0.06875
6 0.50078125 0.4390625 0.0515625 0.06875
5 0.45 0.421875 0.0484375 0.065625
5 0.4 0.4140625 0.0453125 0.065625
5 0.34765625 0.4078125 0.05 0.0671875
5 0.29375 0.403125 0.046875 0.0640625
32 0.184375 0.39453125 0.046875 0.0484375
32 0.13203125 0.38125 0.0421875 0.053125
32 0.07109375 0.3890625 0.046875 0.05625