29 0.8625 0.70390625 0.0625 0.10625
36 0.80078125 0.70234375 0.0515625 0.0890625
36 0.74453125 0.7046875 0.0515625 0.09375
36 0.6875 0.71015625 0.05 0.09375
32 0.62890625 0.71328125 0.0515625 0.0984375
32 0.5734375 0.71640625 0.05 0.0984375
23 0.515625 0.72109375 0.053125 0.103125
22 0.45703125 0.715625 0.0453125 0.0953125
21 0.40078125 0.7234375 0.0515625 0.1015625
25 0.34140625 0.728125 0.0453125 0.103125
24 0.28359375 0.7296875 0.0484375 0.10625
23 0.22578125 0.73359375 0.0453125 0.109375
20 0.16875 0.72578125 0.040625 0.096875
19 0.10859375 0.73046875 0.0421875 0.103125
18 0.05078125 0.73125 0.0484375 0.096875