14 0.90859375 0.54375 0.0515625 0.0828125
23 0.85078125 0.553125 0.0515625 0.071875
23 0.79140625 0.5640625 0.0515625 0.0859375
23 0.7328125 0.57109375 0.046875 0.08125
23 0.671875 0.58125 0.053125 0.090625
33 0.6125 0.584375 0.053125 0.0953125
35 0.55234375 0.58984375 0.05625 0.0984375
32 0.4921875 0.6 0.059375 0.0984375
31 0.43359375 0.61015625 0.0671875 0.10625
31 0.37421875 0.6265625 0.0671875 0.1046875
31 0.315625 0.63515625 0.0625 0.0953125
36 0.25234375 0.65078125 0.05 0.0765625
36 0.18984375 0.6609375 0.0484375 0.059375
36 0.13046875 0.66796875 0.0453125 0.065625
41 0.0671875 0.67265625 0.06875 0.096875