34 0.9171875 0.46796875 0.0625 0.1109375
34 0.85390625 0.46953125 0.0625 0.1078125
34 0.78984375 0.47265625 0.0625 0.1109375
26 0.7265625 0.475 0.0640625 0.1125
16 0.6609375 0.478125 0.0640625 0.1109375
15 0.59453125 0.47578125 0.065625 0.109375
16 0.52890625 0.4796875 0.065625 0.1078125
16 0.46484375 0.48203125 0.065625 0.109375
13 0.40078125 0.48203125 0.065625 0.1078125
12 0.33515625 0.484375 0.06875 0.109375
11 0.2671875 0.48515625 0.071875 0.109375
12 0.19921875 0.4890625 0.06875 0.1109375
11 0.13125 0.490625 0.0703125 0.1109375
10 0.06328125 0.49140625 0.0640625 0.1171875