40 0.7234375 0.8359375 0.053125 0.0875
38 0.6828125 0.8296875 0.05 0.0828125
27 0.63984375 0.83046875 0.053125 0.084375
14 0.59765625 0.8234375 0.05 0.084375
13 0.55703125 0.80625 0.0484375 0.0828125
12 0.51484375 0.8015625 0.0484375 0.0828125
11 0.47421875 0.78984375 0.053125 0.0859375
10 0.42890625 0.790625 0.046875 0.0828125
9 0.38671875 0.78515625 0.05 0.0875
17 0.34140625 0.78515625 0.046875 0.0859375
17 0.29609375 0.8 0.046875 0.0828125
15 0.25390625 0.78515625 0.046875 0.0859375
12 0.20859375 0.7875 0.0453125 0.0828125
17 0.159375 0.79765625 0.0453125 0.0890625
16 0.11640625 0.78828125 0.0484375 0.0890625
15 0.06953125 0.7796875 0.05 0.0859375