14 0.0921875 0.54453125 0.0375 0.078125
11 0.13671875 0.5359375 0.0375 0.0828125
9 0.1828125 0.52734375 0.040625 0.078125
16 0.23125 0.5171875 0.04375 0.0875
9 0.28515625 0.5125 0.046875 0.0796875
12 0.340625 0.50078125 0.0515625 0.0921875
12 0.39765625 0.49296875 0.05625 0.0859375
11 0.4578125 0.478125 0.0515625 0.09375
15 0.51875 0.4671875 0.059375 0.1
15 0.58828125 0.4578125 0.0625 0.0984375
10 0.65625 0.44453125 0.065625 0.1015625
14 0.728125 0.4265625 0.071875 0.1015625
14 0.8078125 0.41640625 0.0703125 0.1046875
15 0.8890625 0.40078125 0.0703125 0.109375