37 0.87265625 0.47734375 0.065625 0.075
37 0.81640625 0.48828125 0.0546875 0.0703125
37 0.75703125 0.49296875 0.0609375 0.0796875
8 0.7015625 0.503125 0.0609375 0.0796875
8 0.6453125 0.5109375 0.059375 0.0765625
5 0.59140625 0.52421875 0.059375 0.0796875
4 0.5328125 0.52890625 0.0578125 0.0796875
3 0.47578125 0.53984375 0.0546875 0.0828125
3 0.41796875 0.5453125 0.0625 0.08125
2 0.35703125 0.55078125 0.05625 0.0765625
1 0.29921875 0.5609375 0.05 0.078125
2 0.2375 0.56875 0.05 0.08125
1 0.17890625 0.58046875 0.053125 0.0828125
0 0.11875 0.58515625 0.05625 0.078125