26 0.89453125 0.59609375 0.059375 0.103125
25 0.83359375 0.59765625 0.0578125 0.1046875
24 0.771875 0.5984375 0.059375 0.1046875
23 0.709375 0.60078125 0.0609375 0.1046875
23 0.64609375 0.60390625 0.0625 0.1046875
23 0.5828125 0.6046875 0.0640625 0.1046875
21 0.5203125 0.60546875 0.0640625 0.1046875
21 0.4578125 0.6078125 0.0640625 0.1078125
22 0.39375 0.6109375 0.065625 0.1078125
21 0.32890625 0.6125 0.0671875 0.1078125
20 0.26328125 0.61484375 0.06875 0.1109375
18 0.19765625 0.6171875 0.065625 0.109375
18 0.13359375 0.61796875 0.06875 0.1109375
18 0.06953125 0.61875 0.0671875 0.109375