39 0.12578125 0.6109375 0.06875 0.1015625
35 0.184375 0.596875 0.065625 0.09375
35 0.2421875 0.58359375 0.0625 0.0953125
35 0.29921875 0.5703125 0.0625 0.0921875
36 0.3578125 0.55390625 0.0640625 0.0921875
36 0.415625 0.540625 0.0609375 0.0859375
10 0.47265625 0.5265625 0.065625 0.09375
11 0.528125 0.51171875 0.0671875 0.0921875
12 0.58515625 0.50078125 0.06875 0.096875
13 0.6421875 0.484375 0.0703125 0.09375
14 0.69921875 0.471875 0.0671875 0.09375
15 0.75703125 0.45703125 0.065625 0.09375
15 0.8125 0.44296875 0.0625 0.0890625
16 0.86875 0.42734375 0.065625 0.090625
17 0.92578125 0.41640625 0.06875 0.090625