25 0.93046875 0.5921875 0.0671875 0.109375
25 0.86484375 0.5796875 0.0703125 0.109375
25 0.796875 0.5734375 0.071875 0.1125
24 0.734375 0.5609375 0.075 0.1140625
23 0.6671875 0.55078125 0.0796875 0.1140625
22 0.60078125 0.540625 0.0765625 0.1140625
22 0.53359375 0.52890625 0.078125 0.1140625
22 0.4671875 0.5203125 0.075 0.1140625
21 0.3984375 0.5078125 0.08125 0.11875
20 0.32890625 0.49453125 0.084375 0.1203125
20 0.1890625 0.47109375 0.084375 0.1203125
19 0.259375 0.4828125 0.0828125 0.11875
19 0.11796875 0.4578125 0.0828125 0.11875
18 0.04765625 0.44765625 0.0796875 0.1140625