12 0.85390625 0.509375 0.06875 0.090625
10 0.79921875 0.52265625 0.065625 0.090625
16 0.7453125 0.5375 0.065625 0.09375
16 0.690625 0.546875 0.0671875 0.090625
17 0.634375 0.56171875 0.071875 0.096875
17 0.57890625 0.5734375 0.0640625 0.0921875
17 0.52265625 0.58359375 0.0671875 0.0921875
36 0.46796875 0.6 0.0671875 0.0953125
36 0.409375 0.6140625 0.0671875 0.090625
36 0.34921875 0.625 0.0625 0.09375
13 0.29140625 0.64453125 0.0640625 0.0921875
13 0.23046875 0.65625 0.065625 0.0921875
13 0.171875 0.66875 0.0703125 0.103125
38 0.11171875 0.68359375 0.0671875 0.1