13 0.7921875 0.51328125 0.10625 0.1546875
13 0.7109375 0.5296875 0.10625 0.1515625
13 0.63046875 0.54609375 0.10625 0.1515625
12 0.55 0.56328125 0.10625 0.153125
12 0.46953125 0.58046875 0.109375 0.15625
11 0.3875 0.59921875 0.1109375 0.1546875
11 0.30546875 0.61640625 0.1109375 0.1546875
11 0.22265625 0.63359375 0.1109375 0.15625
10 0.678125 0.39140625 0.1046875 0.153125
10 0.5984375 0.40703125 0.1078125 0.1546875
10 0.51875 0.425 0.10625 0.153125
9 0.43828125 0.4421875 0.1078125 0.1515625
9 0.35703125 0.459375 0.1078125 0.1515625
9 0.275 0.47578125 0.1078125 0.153125