11 0.9265625 0.56484375 0.059375 0.065625
13 0.86171875 0.55859375 0.0734375 0.06875
16 0.7953125 0.55390625 0.0625 0.0640625
9 0.73359375 0.55234375 0.0640625 0.0640625
12 0.66875 0.53984375 0.06875 0.0765625
15 0.60390625 0.534375 0.0625 0.0703125
11 0.540625 0.5328125 0.0609375 0.06875
16 0.4734375 0.52421875 0.05625 0.0703125
17 0.40703125 0.51640625 0.053125 0.06875
15 0.33984375 0.51328125 0.0546875 0.0734375
14 0.2734375 0.50703125 0.05625 0.075
14 0.20703125 0.50234375 0.0609375 0.0765625
17 0.1375 0.4953125 0.0609375 0.0765625
16 0.07421875 0.490625 0.0625 0.0703125