4 0.92578125 0.61484375 0.05625 0.0875
5 0.8765625 0.60859375 0.05 0.090625
6 0.81953125 0.60546875 0.0546875 0.090625
5 0.7671875 0.59921875 0.05625 0.09375
6 0.71484375 0.59375 0.05625 0.0921875
7 0.66328125 0.5890625 0.05625 0.0921875
34 0.6125 0.584375 0.0546875 0.0890625
34 0.56015625 0.5796875 0.0578125 0.09375
31 0.509375 0.57421875 0.05625 0.09375
31 0.45859375 0.56953125 0.0578125 0.0921875
31 0.40859375 0.5640625 0.059375 0.0921875
33 0.3578125 0.5578125 0.0578125 0.09375
33 0.30625 0.55234375 0.05625 0.090625
33 0.25625 0.54765625 0.0578125 0.090625
41 0.2046875 0.54140625 0.0578125 0.0890625
30 0.1546875 0.5375 0.059375 0.0890625
29 0.103125 0.53203125 0.0578125 0.0890625
28 0.053125 0.52578125 0.053125 0.0875