38 0.0875 0.5546875 0.0578125 0.0703125
27 0.0359375 0.54921875 0.0484375 0.06875
6 0.13671875 0.56328125 0.0453125 0.0734375
6 0.184375 0.56796875 0.046875 0.0734375
6 0.234375 0.57109375 0.0453125 0.0765625
37 0.28125 0.5796875 0.0484375 0.0703125
37 0.3328125 0.5875 0.0484375 0.0734375
37 0.384375 0.5921875 0.05 0.075
37 0.43828125 0.6 0.0484375 0.0734375
24 0.4953125 0.60625 0.046875 0.071875
24 0.55234375 0.61328125 0.0515625 0.08125
24 0.60859375 0.621875 0.0515625 0.08125
12 0.66875 0.6296875 0.05 0.0828125
12 0.72734375 0.63984375 0.05625 0.08125
32 0.78984375 0.64296875 0.053125 0.078125
32 0.853125 0.65234375 0.0546875 0.08125
32 0.925 0.66484375 0.0609375 0.0859375