28 0.128125 0.30859375 0.0734375 0.1
30 0.18671875 0.321875 0.0671875 0.090625
22 0.58046875 0.528125 0.0703125 0.09375
22 0.51875 0.5125 0.0671875 0.0890625
22 0.45703125 0.5 0.0625 0.09375
2 0.39375 0.4875 0.0703125 0.09375
2 0.33125 0.47421875 0.0671875 0.0921875
2 0.27109375 0.4609375 0.0671875 0.090625
26 0.21328125 0.44765625 0.06875 0.090625
26 0.15234375 0.43671875 0.075 0.09375
14 0.93984375 0.46875 0.075 0.0921875
14 0.87578125 0.45625 0.075 0.0921875
14 0.8125 0.44609375 0.0703125 0.090625
14 0.75078125 0.43359375 0.071875 0.0890625
3 0.6890625 0.4234375 0.0703125 0.09375
3 0.62890625 0.4078125 0.0640625 0.0828125
3 0.5703125 0.39921875 0.0671875 0.090625