38 0.08125 0.4953125 0.0578125 0.065625
40 0.13515625 0.49765625 0.05625 0.0671875
19 0.184375 0.4953125 0.0390625 0.0625
19 0.23515625 0.4953125 0.040625 0.0640625
19 0.2890625 0.49375 0.0453125 0.0703125
1 0.3453125 0.48984375 0.0421875 0.06875
1 0.39921875 0.4859375 0.040625 0.0640625
1 0.45703125 0.48359375 0.04375 0.0671875
6 0.5125 0.47890625 0.0484375 0.0671875
6 0.57265625 0.478125 0.05 0.0703125
6 0.6328125 0.4765625 0.053125 0.06875
22 0.69453125 0.471875 0.0515625 0.0625
22 0.75703125 0.46875 0.0515625 0.065625
25 0.825 0.46796875 0.05625 0.0703125
25 0.88671875 0.4671875 0.0546875 0.075
25 0.95390625 0.4625 0.0515625 0.071875