16 0.9103709953125 0.5227904328124999 0.9250287421875001 0.50206230625 0.9250998625 0.49798784218750003 0.8980410265625001 0.47012020468750004 0.8791644859375 0.49474674687500003 0.9090072109375 0.5227666281250001 0.9103709953125 0.5227904328124999
16 0.6607564265625 0.70596195625 0.6633562859375 0.7060073359375 0.70482611875 0.6729032234375001 0.704851815625 0.671431053125 0.6835825437499999 0.6401601218749999 0.6391700296875 0.6741116421875 0.63915738125 0.674836278125 0.6607564265625 0.70596195625
16 0.7554752578125 0.546621225 0.755494746875 0.5455046593749999 0.7330551203125 0.516569896875 0.7327133734375 0.51656393125 0.6947192953125 0.5485269609375 0.72018021875 0.578854684375 0.7216280546875 0.57887995625 0.7554752578125 0.546621225
15 0.764883915625 0.7312205781250001 0.779313046875 0.702951640625 0.77944258125 0.6955305968750001 0.7431553671875 0.670778790625 0.7227821765625 0.70864741875 0.7632301218750001 0.7311917109375 0.764883915625 0.7312205781250001
13 0.7855109640625 0.6565692000000001 0.8055351984374999 0.6331527671875 0.8055938375 0.6297933125 0.7755022328125001 0.5959995515625 0.75054616875 0.6234621828125 0.7820220421874999 0.6565082999999999 0.7855109640625 0.6565692000000001
11 0.8142753578124999 0.61018914375 0.8270484437500001 0.56453933125 0.8270513234375001 0.56437435625 0.7964864609375 0.55220605625 0.783068790625 0.5979956171875 0.8142323640625 0.61018839375 0.8142753578124999 0.61018914375
22 0.9601964296875 0.5205346625 0.9626362328125 0.4962314046875 0.9627359484375001 0.4905186625 0.93067661875 0.48407641874999996 0.928797284375 0.4840436140625 0.926369521875 0.5147782624999999 0.9263469625 0.5160706953124999 0.9557915093749999 0.520457775 0.9601964296875 0.5205346625
20 0.90923145 0.652477796875 0.936821565625 0.6322147218749999 0.9368647078125001 0.6297431 0.9247416921875 0.6017870140625 0.8926494390625 0.624674325 0.9069651359374999 0.6524382375 0.90923145 0.652477796875
8 0.813748784375 0.7695792296875 0.8317174812499999 0.7446963953125 0.8318210468749999 0.738763159375 0.802595540625 0.7096882359375 0.7793255109375 0.7396777359375 0.8091882015625 0.769499625 0.813748784375 0.7695792296875
7 0.7528002125000001 0.7732035828125 0.7692370562499999 0.74302946875 0.7693389109375001 0.7371942390624999 0.730133034375 0.7142992078125 0.7101223796875 0.7520625890625 0.7500286093749999 0.773155203125 0.7528002125000001 0.7732035828125
5 0.9163485078125 0.604157146875 0.9393531703125 0.5767083875 0.9393969953125 0.5741975859374999 0.9214076609375 0.551394675 0.894071084375 0.5812092625 0.915218415625 0.604137421875 0.9163485078125 0.604157146875
6 0.8960945406249999 0.4586468015625 0.8961220875 0.4570686359375 0.8727745578125001 0.43774633124999995 0.8723132124999999 0.437738278125 0.8521188421874999 0.47367116249999996 0.8762239359375 0.494065109375 0.877818040625 0.49409293437499996 0.8960945406249999 0.4586468015625
6 0.8813622437499999 0.7613829984375 0.8866065421875 0.7336262421875 0.8867286453125001 0.7266309765625001 0.8504987390625001 0.7164216609375 0.841738375 0.7544342687500001 0.876902896875 0.7613051609375 0.8813622437499999 0.7613829984375
6 0.81233353125 0.71017048125 0.82814049375 0.6810342484375 0.8281719921875 0.6792296906249999 0.7915384765625 0.6545453984375 0.772845046875 0.6887854953125 0.80665558125 0.7100713734374999 0.81233353125 0.71017048125
5 0.74146695625 0.6417357671875 0.7496887328125 0.60954339375 0.7497407453125 0.6065636421875 0.7022243593749999 0.5917695843749999 0.6924779328125 0.6304144625 0.7318033984375 0.6415670890625 0.74146695625 0.6417357671875
4 0.7884383359375 0.542540421875 0.8059255453124999 0.5212606281250001 0.8060494796875 0.5141603984375 0.7764119015625 0.48299555156249996 0.7534925453125 0.50990963125 0.7876279937499999 0.542526278125 0.7884383359375 0.542540421875
3 0.9230603140625 0.48238073750000005 0.9366549578125 0.462701271875 0.9367632015625 0.4564999171875 0.9079968734375001 0.42934063125 0.8928454984374999 0.45410158125000005 0.9217089890624999 0.48235715 0.9230603140625 0.48238073750000005
3 0.8220487734375 0.67283435 0.843002734375 0.6353399171875 0.843081375 0.630834571875 0.8180188203125001 0.6128498421875 0.7936303328125 0.654200246875 0.819105215625 0.6727829703125 0.8220487734375 0.67283435
1 0.8366141796875001 0.7355981109374999 0.859062184375 0.7001158375000001 0.8591622203125 0.6943847359374999 0.8367538171875 0.675030065625 0.811559078125 0.7130846421875 0.8351698578125 0.7355729 0.8366141796875001 0.7355981109374999
1 0.7894481421874999 0.5699583703125 0.7894642296875001 0.5690366953125 0.7629828328125 0.5443442875 0.73080515625 0.580690084375 0.759020225 0.607158496875 0.7894481421874999 0.5699583703125
2 0.8628161578125001 0.690736065625 0.8767878843749999 0.6694323546875001 0.8769141171875001 0.6622005015625 0.847382471875 0.6346780062499999 0.8304317796875 0.6641747640625 0.8583995546875001 0.6906589734375 0.8628161578125001 0.690736065625
2 0.890609365625 0.6240234625000001 0.8922413406249999 0.6240519484375 0.909153890625 0.5991992859375 0.8809371921875 0.571199578125 0.861880621875 0.5932535453125001 0.890609365625 0.6240234625000001
2 0.9544192312499999 0.6110726265624999 0.9704630859375 0.585006521875 0.9705737624999999 0.5786658124999999 0.9545495703125001 0.5591342265625 0.93230544375 0.5911021484375001 0.9512316671875001 0.6110169875 0.9544192312499999 0.6110726265624999
1 0.9405751125 0.571762525 0.9438728125000001 0.5718200875 0.964831178125 0.5456221140624999 0.94727493125 0.5212113031250001 0.92344115 0.55027708125 0.9405751125 0.571762525
0 0.802613359375 0.40995511718750005 0.842236553125 0.4106467421875 0.8426045156249999 0.3895661875 0.8415666484375001 0.377096828125 0.7999092375 0.37332679375 0.802613359375 0.40995511718750005
0 0.7905398906250001 0.8066798296875 0.79356426875 0.8067326203125 0.8150504640625 0.7762305953124999 0.7823740859375 0.744799309375 0.7585668359375 0.7773436203124999 0.7905398906250001 0.8066798296875
33 0.8746961593749999 0.5346696296875 0.8765584421874999 0.5347021359374999 0.8889797406250001 0.5081365531250001 0.8890318359375 0.5051520171874999 0.85642199375 0.480288640625 0.8405145375 0.509300953125 0.840512409375 0.5094228953125 0.8746961593749999 0.5346696296875
33 0.8988687515624999 0.5710345390625 0.921095346875 0.5483479703125 0.9211727546875 0.5439132109375 0.9052797531250001 0.521011425 0.876664725 0.5468232375000001 0.894804275 0.5709635921875 0.8988687515624999 0.5710345390625
35 0.8769661671875 0.6566028187499999 0.891459503125 0.6346587234375 0.8915621093749999 0.6287803515625 0.8644360375 0.6022466890625 0.8436885375 0.6289500125 0.8725352640624999 0.6565254765625 0.8769661671875 0.6566028187499999
31 0.91487035625 0.7150857453125 0.9311017937500001 0.6913126109375 0.9311715921875001 0.687313865625 0.9060948 0.659691528125 0.8851450468750001 0.6853606609375 0.91339183125 0.7150599375 0.91487035625 0.7150857453125
31 0.849265175 0.471716209375 0.8496461406250001 0.47172285937499997 0.8630062421875 0.44353385 0.8266852218749999 0.418836396875 0.812632675 0.44625207343750006 0.849265175 0.471716209375
31 0.808513121875 0.5131988062499999 0.8156644328124999 0.5133236328125 0.8389453281250001 0.509671753125 0.8390361468749999 0.5044687046874999 0.8323025625 0.4629811015625 0.8022110375 0.465477028125 0.802184440625 0.4670007328125 0.808513121875 0.5131988062499999
32 0.8504495796875 0.5655011640625001 0.8573924500000001 0.5271872015625 0.8574753890625001 0.5224356453125 0.827702090625 0.5128843375 0.81933221875 0.559891775 0.840875203125 0.56533404375 0.8504495796875 0.5655011640625001
32 0.8517108500000001 0.617093534375 0.8596549421875 0.5766275171874999 0.8596971515625 0.5742093671874999 0.8301903296875001 0.56600256875 0.8209100406250001 0.6128076140625 0.8411187921875 0.61690865 0.8517108500000001 0.617093534375
21 0.45379868593749995 0.8847263906249999 0.473462403125 0.8933467640625 0.47516566562499996 0.89337649375 0.5403448156249999 0.874523115625 0.540755115625 0.8510170296874999 0.5384929484375001 0.8243962546875 0.46988781562500004 0.8414573375 0.45006418125 0.8342532 0.45379868593749995 0.8847263906249999
21 0.44999856875 0.835206225 0.4670176078125 0.841663915625 0.471941165625 0.8417498562500001 0.5365099 0.8256376109374999 0.5368155531250001 0.8081267546875001 0.5339576671875 0.7762202874999999 0.465940484375 0.79029566875 0.44581699218750004 0.783915184375 0.44999856875 0.835206225
20 0.4460420734375 0.783692090625 0.46206300312500004 0.7884443390625 0.472094025 0.78861943125 0.532690346875 0.775872075 0.533178028125 0.747932884375 0.5312290281250001 0.725930728125 0.46277848437499997 0.7377322734375 0.44243082031250003 0.7332078515625 0.4460420734375 0.783692090625
19 0.4591666140625 0.736823428125 0.4654538515625 0.736933171875 0.5288761875 0.725797515625 0.5291092859375001 0.7124433796874999 0.5260299359375 0.6770437499999999 0.524141203125 0.67701078125 0.458195140625 0.6857170421875 0.4381710140625 0.6824679671875 0.4417291671875 0.733211871875 0.4591666140625 0.736823428125
18 0.438011684375 0.682651371875 0.4546496140625 0.6851742296875 0.46251670625 0.68531155 0.5234844234375 0.676574671875 0.523945409375 0.6501648546875 0.5215911046875 0.62718854375 0.4519628 0.6345600375 0.43430524375 0.6328254531249999 0.438011684375 0.682651371875
24 0.43396158281249997 0.63306699375 0.43609177343749994 0.633279946875 0.46231669374999995 0.6337377046875 0.521216575 0.6274412078125 0.52129715625 0.622824721875 0.5171180578125 0.5792414124999999 0.45018485 0.58422035 0.43054767031249996 0.583508103125 0.43396158281249997 0.63306699375
23 0.4275039859375 0.5349506453124999 0.43066875 0.5816149328125 0.4638171375 0.582193540625 0.5173908171875 0.5780311296875 0.5175042078125001 0.5715349796875 0.51370969375 0.5304234046875 0.4463558984375 0.53321284375 0.427529540625 0.533486625 0.4275039859375 0.5349506453124999
22 0.4276962703125 0.5331181703125 0.447318278125 0.5334606734375 0.513529871875 0.5306369734375 0.513734540625 0.5189115421875 0.510693384375 0.48335113906249993 0.442677896875 0.4838979390625 0.42416475 0.4856097265625 0.4276962703125 0.5331181703125
26 0.41978628125000006 0.4399223859375 0.42375950468749995 0.48304183749999996 0.45129237343749995 0.483522425 0.509678334375 0.4827038234375 0.50984591875 0.473102928125 0.5074797640625001 0.43559266250000006 0.43616309375 0.4343179703125 0.4198388640625 0.4369099328125 0.41978628125000006 0.4399223859375
25 0.419610459375 0.43452453750000003 0.43258150625 0.43475094687500004 0.436770603125 0.43401396718749996 0.50425673125 0.4351904703125 0.504714159375 0.4089844046875 0.5034872921875 0.3876647296875 0.43376357343749994 0.383814459375 0.4154585625 0.38822940156249997 0.419610459375 0.43452453750000003
24 0.4120773578125 0.3443911546875 0.41556141875 0.3875717203125 0.41759044999999995 0.3876071375 0.43321860624999997 0.38398551406250003 0.5019625875 0.38756347343750003 0.5020787984374999 0.380905746875 0.49815813750000004 0.33922111875 0.43021157499999996 0.3337860078125 0.4121686359375 0.33916185 0.4120773578125 0.3443911546875
26 0.4117945234375 0.337498353125 0.41453981874999996 0.337546271875 0.42995722656249996 0.3327973515625 0.49500544375000005 0.338491940625 0.49562075937500005 0.303240553125 0.49468612187499994 0.2908089828125 0.42531458750000006 0.2818880875 0.40779229375000003 0.2888798015625 0.4117945234375 0.337498353125
25 0.4033874375 0.23924373437500002 0.40730773437499995 0.28741241875 0.41214643124999994 0.287496878125 0.42541645937499994 0.282556190625 0.4760823453125 0.288612884375 0.4943077953125 0.2889310109375 0.4943685734375 0.28544904843749996 0.4907040171875 0.2429099484375 0.42090973125 0.23225201874999998 0.4033874375 0.23924373437500002
24 0.3998267890625 0.1906131421875 0.4029254953125 0.23889104843750003 0.40425577031250004 0.23891426875000002 0.42056427812499997 0.23230602500000003 0.4715911078125 0.2400896109375 0.4889040984375 0.2403918109375 0.4892034609375 0.22324128124999998 0.48718324375 0.195950021875 0.4174506359375 0.18247797968749999 0.3998267890625 0.1906131421875
30 0.3962815671875 0.1418288890625 0.3994154046875 0.1906548078125 0.41756409687499996 0.18253151875 0.48455035 0.1949964125 0.4850081234375 0.195004403125 0.48545306874999994 0.1695135625 0.4840149125 0.1471723484375 0.41423534218749997 0.13237310156249998 0.3962815671875 0.1418288890625
41 0.39403178906249997 0.09212137031249999 0.39742751875 0.1415932515625 0.415291184375 0.1322529671875 0.48179018281249997 0.14650335625 0.48272895 0.1465197421875 0.483175765625 0.1209217484375 0.481258303125 0.0989629125 0.41114598593749996 0.08188479843749999 0.39403178906249997 0.09212137031249999
38 0.390736875 0.044990203125 0.3936957984375 0.091562409375 0.4109758453125 0.0812866671875 0.47424786875 0.0963640875 0.48047704687500004 0.09647281875 0.480576996875 0.0907466546875 0.47780736093750004 0.0496432421875 0.40751783750000004 0.03062726875 0.39077063125 0.043056259375 0.390736875 0.044990203125