33 0.7196852687499999 0.457103371875 0.736854296875 0.413953725 0.7378394968750001 0.40458018124999995 0.6693865796875 0.36277353125 0.6487032 0.4102216046875 0.71645458125 0.45676381250000003 0.7196852687499999 0.457103371875
33 0.5225943046875 0.1205958328125 0.530238834375 0.09271205 0.5316608265625 0.0791827109375 0.4726314953125 0.0561779546875 0.4595962796875 0.09697760625 0.516909809375 0.11999836718750001 0.5225943046875 0.1205958328125
33 0.5066571484375 0.3781533734375 0.5452998984375 0.3530138140625 0.5458699296875 0.347590328125 0.5060656875 0.284617009375 0.461035640625 0.31351750312500004 0.5026230953125 0.3777293765625 0.5066571484375 0.3781533734375
31 0.304695134375 0.16210908125 0.35122453125 0.15163040625 0.3522322375 0.1420427140625 0.34216105625000004 0.0915202375 0.2916857828125 0.0995566765625 0.303401778125 0.16197314375 0.304695134375 0.16210908125
35 0.5896719921875 0.093081634375 0.611919046875 0.062980828125 0.6122045359375 0.060264585937500004 0.567362675 0.023741534375 0.541346625 0.0506799 0.5862749546875 0.092724590625 0.5896719921875 0.093081634375
35 0.8798746015625 0.4959354421875 0.911026228125 0.445951725 0.9118257765625 0.43834453125 0.8678022484374999 0.399311425 0.8314000890625 0.4525097859375 0.87568249375 0.49549483437499997 0.8798746015625 0.4959354421875
32 0.72791205625 0.3904104546875 0.7406319390625 0.348115696875 0.7417266984374999 0.3376997609375 0.6731076234375 0.30229774531250003 0.6564184 0.34981645 0.7263326343750001 0.39024445 0.72791205625 0.3904104546875
0 0.7986594124999999 0.27529997968750003 0.8469801703125001 0.278009015625 0.8476340703125 0.271787565625 0.8386925484375001 0.22507012343750002 0.7736991875 0.2218138765625 0.779370715625 0.27327265624999997 0.7986594124999999 0.27529997968750003
15 0.8509558 0.579306821875 0.8657944859375 0.51754904375 0.867594396875 0.5004240390625 0.8125896296875 0.46615254375 0.79158139375 0.5455570546875 0.847072909375 0.5788987125 0.8509558 0.579306821875
9 0.6207617609375 0.13876918124999998 0.6541601625 0.0945778265625 0.6543409375 0.09285786406249999 0.61795015 0.0648945 0.5825791328125 0.1076596375 0.6201459421875 0.13870445625 0.6207617609375 0.13876918124999998
16 0.702783415625 0.22123201875 0.75291108125 0.2163393921875 0.7536852921875 0.20897326875000002 0.7425736078125 0.16473915625 0.6788388265624999 0.173164390625 0.6894158531250001 0.21982703125 0.702783415625 0.22123201875
18 0.3988400671875 0.08559324375 0.4103730328125 0.037312450000000004 0.41105159531249996 0.0308563609375 0.364945859375 0.018697025 0.3496310171875 0.069456153125 0.3904736578125 0.0847138984375 0.3988400671875 0.08559324375
18 0.83538375625 0.1896067828125 0.8793784921875 0.16408463125 0.8797559843749999 0.160493034375 0.8512359953124999 0.12283304375 0.8031501265625 0.1504513109375 0.832442525 0.189297646875 0.83538375625 0.1896067828125
18 0.6986032671875 0.1548061859375 0.721738653125 0.1242751140625 0.7219767484374999 0.12200978437500001 0.6741339140625 0.083869471875 0.648154878125 0.1126673140625 0.6963909875 0.1545736671875 0.6986032671875 0.1548061859375
19 0.747170990625 0.4427100640625 0.81944435625 0.4503063 0.8207868515625 0.43753330312500005 0.8155417671875 0.396773025 0.74235489375 0.389004290625 0.747170990625 0.4427100640625
20 0.170852153125 0.3067233921875 0.2088504 0.265539003125 0.20905410781249997 0.263600846875 0.1556276015625 0.21976968281249998 0.11580808281249999 0.2615119203125 0.1693095625 0.306561259375 0.170852153125 0.3067233921875
21 0.5836488671875 0.42552319531249994 0.6223331921875 0.36749505781249997 0.6231774406249999 0.359462565625 0.5806562671875 0.32344249375 0.539720134375 0.3824925984375 0.5829480499999999 0.42544953750000003 0.5836488671875 0.42552319531249994
21 0.73431148125 0.10514164374999999 0.7607316375 0.06719135312499999 0.7609892109375 0.064740715625 0.7222778234375 0.0372946390625 0.69279504375 0.075903346875 0.7284981625 0.1045306390625 0.73431148125 0.10514164374999999
22 0.5009543843750001 0 0.47633275468749997 0.0219938578125 0.521415778125 0.059198803125 0.5240409609375 0.059474721875000004 0.55042221875 0.0352127109375 0.55094838125 0.0302066125 0.5060334890625 0 0.5009543843750001 0
22 0.5383022609375 0.150526415625 0.5386134874999999 0.1475652859375 0.4810991734375 0.1209478375 0.48023055000000003 0.1208565421875 0.4624126796875 0.158784034375 0.522164615625 0.1881082578125 0.5241614453125 0.1883181328125 0.5383022609375 0.150526415625
23 0.3970330296875 0.181240825 0.400323809375 0.1815867 0.434122496875 0.1537724328125 0.39278718437500004 0.10328765312499999 0.3571155578125 0.1281237625 0.3970330296875 0.181240825
23 0.63311494375 0.23590506093750002 0.6872007734375 0.22865985625000002 0.6874971546875 0.2258399828125 0.6744799312499999 0.1810322875 0.61280816875 0.1950415875 0.62498459375 0.23505052656249997 0.63311494375 0.23590506093750002
24 0.648976690625 0.0883170625 0.6522570515624999 0.08866184218749999 0.6842001625 0.047935620312499996 0.6843775671875 0.0462477234375 0.6457561140625 0.018446437500000003 0.6122467031250001 0.059863384374999995 0.6121209359375 0.06105998124999999 0.648976690625 0.0883170625
24 0.593841178125 0.20349730156249998 0.635740734375 0.1651904046875 0.6359568109375 0.1631345796875 0.6045855390625 0.130861703125 0.560175446875 0.16736276875 0.5909237484375 0.20319066718749998 0.593841178125 0.20349730156249998
25 0.836145671875 0.10327599531250001 0.8404979859375 0.0855654890625 0.8421291515625 0.07004598749999999 0.7857808609375 0.04394818125 0.7749417171874999 0.0755178203125 0.8305052640625 0.1026831640625 0.836145671875 0.10327599531250001
25 0.7161474984375 0.3103396484375 0.7572784890625 0.31808386875 0.7656909734374999 0.3189680578125 0.7662803125 0.313360878125 0.7640190984374999 0.25289640625 0.7158400406250001 0.24503257656250002 0.7161474984375 0.3103396484375
25 0.65270165625 0.289810228125 0.7094004640625 0.28650938125000003 0.7096822734375 0.28382814375 0.7017460796874999 0.24076274999999997 0.6352277234375 0.24564315625000002 0.641930828125 0.28867816875 0.65270165625 0.289810228125
25 0.37779063281249997 0.25306038124999997 0.40889425468749996 0.2158109875 0.408989934375 0.21490064531250003 0.35665314375 0.168439934375 0.32101436250000004 0.2040871265625 0.3747352796875 0.2527392515625 0.37779063281249997 0.25306038124999997
26 0.8076417203125 0.13798666875 0.819908596875 0.1020834625 0.8199119343750001 0.10205170156250001 0.7609824749999999 0.0747006203125 0.7470285609375 0.11056189218750001 0.7998054265625 0.1371630421875 0.8076417203125 0.13798666875
26 0.2765555359375 0.27698449062499997 0.337357734375 0.238719915625 0.33743960781250004 0.23794093749999998 0.309116540625 0.1980018984375 0.2470007859375 0.234780271875 0.27536363750000004 0.2768592171875 0.2765555359375 0.27698449062499997
1 0.3925761671875 0.4274361390625 0.4268766171875 0.3885261 0.427588178125 0.38175605468749996 0.3724852640625 0.332218815625 0.3349532 0.37090597812500004 0.3901072046875 0.42717664062500005 0.3925761671875 0.4274361390625
2 0.2947441328125 0 0.30522198437500003 0.05375809375 0.30870433125 0.054124103125 0.34956416875 0.047843037500000005 0.350627515625 0.037725971875 0.3430345609375 0 0.2947441328125 0
3 0.7925740640625001 0.3296491171875 0.8459127343749999 0.3330092296875 0.8463661625000001 0.328695146875 0.8386007687499999 0.286406528125 0.7719973921875 0.2809558796875 0.779719840625 0.32829808437499997 0.7925740640625001 0.3296491171875
3 0.3208532375 0.368051234375 0.373019153125 0.31797047031250003 0.373258690625 0.3156914125 0.334077128125 0.2774975484375 0.2810886640625 0.3285635421875 0.31674886875 0.3676198484375 0.3208532375 0.368051234375
3 0.26916123125 0.2039364109375 0.3094131640625 0.17573694374999999 0.30944800781250004 0.175405434375 0.27171706875 0.12664633125 0.22901080937499999 0.15190031875 0.26724039843749997 0.2037345234375 0.26916123125 0.2039364109375
3 0.43059144062500004 0.3623030109375 0.46111310625 0.3019569765625 0.46189575781250003 0.2945105484375 0.419242971875 0.2708849078125 0.3848276453125 0.3311457890625 0.42958406718750003 0.3621971328125 0.43059144062500004 0.3623030109375
4 0.58282481875 0.10062460625 0.583300284375 0.0961008546875 0.54096613125 0.0785358015625 0.5396895765624999 0.07840163125 0.5225349140625 0.13133707187500002 0.56535874375 0.14708605 0.5688405249999999 0.147452 0.58282481875 0.10062460625
5 0.5134710859375 0.265749865625 0.546910884375 0.26294589375 0.5472645734375 0.259580771875 0.5332147265625 0.1953410578125 0.48587740156250003 0.2017486328125 0.49701198281250003 0.26401994375000004 0.5134710859375 0.265749865625
5 0.4567279453125 0.082250865625 0.48266444531249997 0.03711735625 0.482855340625 0.035301107812499996 0.44447386875 0.0125163796875 0.41424358437500003 0.0563040171875 0.45452397031249997 0.08201921875 0.4567279453125 0.082250865625
5 0.5135544421875 0.47471581562500004 0.5600455046875 0.42199187499999996 0.5605534109375 0.417159465625 0.5259697171875 0.37653250781250003 0.47375637187499997 0.42952890468750005 0.509620065625 0.4743022953125 0.5135544421875 0.47471581562500004
6 0.286135965625 0.3075162125 0.2865591515625 0.3034898578125 0.258568796875 0.26409626249999996 0.2584116734375 0.264079746875 0.194118946875 0.30684829062499996 0.22348987187499997 0.3531046125 0.22487383906249997 0.35325007343750003 0.286135965625 0.3075162125
6 0.77933289375 0.21985105312500003 0.8251132453125001 0.2169934375 0.8254699703125 0.21359943124999997 0.8114619171875 0.168064115625 0.7498864234375 0.1717048859375 0.76149385 0.21797609375000002 0.77933289375 0.21985105312500003
6 0.7836849921875 0.38841689218750003 0.841195040625 0.3928431703125 0.8416466390625 0.3885465 0.8330463234375 0.33959348437500003 0.7660302406249999 0.3346947078125 0.7714747828124999 0.3871335484375 0.7836849921875 0.38841689218750003
7 0.46136355 0.2822686359375 0.48460058593750005 0.24291743124999998 0.4853743953125 0.23555513125 0.4281246203125 0.2005431078125 0.4024297109375 0.2444615890625 0.4607679078125 0.28220603125 0.46136355 0.2822686359375
7 0.6085294296875 0.335442953125 0.645874059375 0.3079475578125 0.6459842625000001 0.30689905 0.6055062312499999 0.248194021875 0.5673906421875 0.27351150625 0.60734265 0.33531821875 0.6085294296875 0.335442953125
8 0.435453309375 0.1460012921875 0.470657290625 0.12146163750000001 0.47104978906249995 0.1177272609375 0.4335107234375 0.074394709375 0.3985208078125 0.097643084375 0.43362314062499996 0.14580893281250001 0.435453309375 0.1460012921875
8 0.733057478125 0.546490821875 0.7937483656250001 0.51541033125 0.794315421875 0.5100151484375 0.76290758125 0.4561009359375 0.7020414703125 0.49014746249999996 0.7300081421875 0.5461703234375 0.733057478125 0.546490821875
8 0.62881084375 0.5119674578125 0.698424228125 0.510525940625 0.6989897359375 0.5051454875 0.688553121875 0.4469349578125 0.615545146875 0.447146090625 0.6225765515624999 0.5113122078125001 0.62881084375 0.5119674578125
17 0.889595846875 0.838729546875 0.9415872453125 0.8512073875 0.9562521140625 0.8527487265625 0.9578878984375001 0.8371852796875 0.9558093375000001 0.740814953125 0.889129671875 0.7224436640625 0.889595846875 0.838729546875
17 0.817913365625 0.8179076171874999 0.8808526328124999 0.83539728125 0.8841968671875 0.8357487750000001 0.8865991687499999 0.8128924078124999 0.8870721578125 0.72425984375 0.8218193625 0.705107403125 0.817913365625 0.8179076171874999
13 0.7486595515625 0.792350728125 0.8111255546875 0.8123576031249999 0.8143488624999999 0.8126963875 0.81601414375 0.7968522953125 0.8189111859375 0.701820675 0.7536583890624999 0.6826682328125 0.7486595515625 0.792350728125
13 0.676490240625 0.769982271875 0.7371232359375 0.7888685796875 0.74294691875 0.7894806734375 0.746471215625 0.7559492265625 0.7490560046875 0.6792232312500001 0.6865568765625001 0.661786821875 0.676490240625 0.769982271875
13 0.608166865625 0.7512265124999999 0.6608101296875 0.7667077890625 0.6744895296875 0.7681455515625 0.677707740625 0.7375263203125 0.6845719781249999 0.6606349 0.6220728515625 0.6431984875000001 0.608166865625 0.7512265124999999
11 0.5941809609375001 0.7439937140625 0.604641525 0.7450931640625 0.6158839375 0.63812875625 0.5559016421874999 0.6213945062499999 0.5398450312499999 0.7294392453125 0.5941809609375001 0.7439937140625
11 0.526971828125 0.727503109375 0.5372019359375 0.7285783375 0.5494646453125 0.6422466796874999 0.5513792265624999 0.6240306624999999 0.489527309375 0.6067748171875 0.47193868749999995 0.70719323125 0.47147059531249996 0.7116468296875 0.526971828125 0.727503109375
11 0.4686200828125 0.7088012406249999 0.48330221562500003 0.6289726375 0.485925934375 0.6040096203124999 0.424161684375 0.5899511687500001 0.403598590625 0.6916761609375001 0.46585743281249997 0.708510875 0.4686200828125 0.7088012406249999
34 0.3994797671875 0.6905365531250001 0.41898300937500005 0.5981615109375 0.42023220156249996 0.5862762265625 0.36089152812499997 0.5703606078125001 0.33591873437499997 0.67464160625 0.398706946875 0.6904553265625 0.3994797671875 0.6905365531250001
34 0.355354309375 0.575728721875 0.3559894875 0.5696853984375 0.298305875 0.5542142140624999 0.29604005624999996 0.5539760671875 0.26905811874999996 0.651639565625 0.329348940625 0.669025546875 0.3343197296875 0.6695479984375 0.355354309375 0.575728721875
34 0.265384365625 0.6513048515625 0.2894723421875 0.55978625625 0.29028801406250004 0.5520256515625 0.23159837187500001 0.5341193890625 0.2006307703125 0.6345113921875 0.257813809375 0.6505091546874999 0.265384365625 0.6513048515625
12 0.17705072500000002 0.6278806515625 0.1968749265625 0.629964259375 0.2258137625 0.5343841734375 0.1659883828125 0.5161313937500001 0.131921253125 0.6161976250000001 0.17705072500000002 0.6278806515625
12 0.1129157703125 0.6164264765625 0.1264435203125 0.6178483 0.1582598703125 0.5226545125000001 0.15856388593749998 0.51976199375 0.09933991875 0.5016927078125 0.059020196875 0.599868203125 0.058910768749999995 0.6009093390625 0.1129157703125 0.6164264765625
12 0 0.580935175 0.0418268328125 0.59481476875 0.0567777125 0.59638616875 0.09036259218750001 0.510938371875 0.09128752968750001 0.5021381734375 0.03473891875 0.48148091718749997 0 0.562650240625 0 0.580935175