36 0.86875 0.51484375 0.0609375 0.0984375
36 0.825 0.5265625 0.0578125 0.103125
34 0.78359375 0.53984375 0.0640625 0.1078125
34 0.73828125 0.55078125 0.0609375 0.10625
34 0.69375 0.55859375 0.0609375 0.10625
7 0.64765625 0.56640625 0.0609375 0.1015625
7 0.6015625 0.5703125 0.0578125 0.0953125
7 0.55625 0.58359375 0.0609375 0.1046875
1 0.5109375 0.59453125 0.053125 0.0984375
1 0.46640625 0.59921875 0.0515625 0.1
1 0.42265625 0.60546875 0.0546875 0.0984375
0 0.37734375 0.61796875 0.059375 0.0953125
0 0.33125 0.6296875 0.0609375 0.0984375
0 0.2859375 0.6390625 0.059375 0.10625
0 0.24140625 0.6453125 0.0578125 0.09375
39 0.19453125 0.6578125 0.065625 0.10625
38 0.1515625 0.66796875 0.0578125 0.103125