6 0.9234375 0.67890625 0.059375 0.090625
6 0.865625 0.6703125 0.0640625 0.096875
6 0.80703125 0.6609375 0.0609375 0.0953125
14 0.75 0.65234375 0.0640625 0.0984375
14 0.69296875 0.640625 0.065625 0.1015625
37 0.63828125 0.6328125 0.0671875 0.103125
37 0.5828125 0.621875 0.0640625 0.1046875
37 0.52578125 0.61171875 0.0671875 0.1015625
32 0.47265625 0.60078125 0.0703125 0.103125
32 0.4171875 0.59140625 0.0703125 0.1015625
32 0.36328125 0.58125 0.0703125 0.1
10 0.309375 0.57109375 0.0703125 0.103125
10 0.253125 0.5625 0.071875 0.103125
10 0.19921875 0.5515625 0.06875 0.1015625
10 0.14609375 0.540625 0.0703125 0.1
30 0.08984375 0.53046875 0.071875 0.1
40 0.03515625 0.52265625 0.0609375 0.0953125