3 0.3609375 0.48828125 0.0421875 0.059375
3 0.30234375 0.490625 0.0421875 0.059375
3 0.2390625 0.49140625 0.04375 0.059375
13 0.178125 0.49375 0.0484375 0.0609375
13 0.1171875 0.49296875 0.0515625 0.0640625
23 0.896875 0.3921875 0.05625 0.0609375
23 0.83984375 0.39375 0.053125 0.05625
23 0.784375 0.3953125 0.0515625 0.0578125
22 0.7265625 0.39453125 0.05 0.0578125
22 0.6703125 0.396875 0.0515625 0.0578125
22 0.61328125 0.39609375 0.0484375 0.0546875
26 0.559375 0.3984375 0.0515625 0.0578125
26 0.50234375 0.39765625 0.0453125 0.05625
26 0.4484375 0.39921875 0.046875 0.05625
41 0.39375 0.39921875 0.05 0.0609375
39 0.3390625 0.39921875 0.046875 0.0578125
38 0.2828125 0.39921875 0.05 0.053125
30 0.22734375 0.4015625 0.0578125 0.0609375