17 0.90078125 0.58359375 0.05625 0.1046875
16 0.84140625 0.58359375 0.05625 0.1046875
15 0.78046875 0.5828125 0.059375 0.1078125
14 0.71953125 0.584375 0.059375 0.10625
13 0.65703125 0.58515625 0.059375 0.10625
12 0.5953125 0.584375 0.0609375 0.1078125
12 0.53359375 0.58515625 0.059375 0.1078125
11 0.47109375 0.58515625 0.0625 0.1046875
10 0.40859375 0.58515625 0.0625 0.109375
10 0.34609375 0.5875 0.0625 0.109375
10 0.28203125 0.5875 0.065625 0.109375
11 0.21796875 0.58828125 0.065625 0.1109375
10 0.15234375 0.5875 0.065625 0.1078125
9 0.0875 0.5875 0.0640625 0.109375