7 0.93828125 0.49140625 0.0609375 0.13125
7 0.8765625 0.49375 0.053125 0.125
4 0.81640625 0.4953125 0.05625 0.1234375
4 0.75546875 0.49609375 0.05625 0.1296875
4 0.69453125 0.49453125 0.0578125 0.1296875
2 0.63515625 0.4953125 0.0515625 0.125
2 0.5765625 0.49453125 0.0546875 0.121875
2 0.51796875 0.4921875 0.0515625 0.1234375
1 0.46015625 0.49375 0.0484375 0.125
1 0.39921875 0.490625 0.04375 0.121875
1 0.34375 0.49296875 0.0515625 0.1296875
0 0.2859375 0.496875 0.0515625 0.125
0 0.22890625 0.49765625 0.05 0.125
0 0.1734375 0.4984375 0.0484375 0.1296875
41 0.11484375 0.50078125 0.05 0.1265625
38 0.059375 0.50078125 0.0484375 0.1265625