31 0.94296875 0.465625 0.0625 0.0984375
31 0.87734375 0.4734375 0.0609375 0.1046875
34 0.809375 0.478125 0.0640625 0.103125
34 0.74140625 0.48671875 0.0625 0.1015625
34 0.67265625 0.49140625 0.059375 0.1015625
33 0.60546875 0.4984375 0.0625 0.1015625
33 0.53828125 0.50546875 0.0640625 0.1
33 0.46796875 0.50859375 0.0609375 0.1
24 0.40234375 0.5171875 0.06875 0.1140625
23 0.32890625 0.5203125 0.065625 0.109375
22 0.26171875 0.52734375 0.0640625 0.1046875
24 0.19140625 0.5359375 0.0671875 0.1125
23 0.12421875 0.54140625 0.065625 0.109375
22 0.05390625 0.5453125 0.0640625 0.1078125