17 0.8734375 0.50859375 0.128125 0.1765625
17 0.78515625 0.53203125 0.1265625 0.1765625
17 0.69453125 0.55625 0.134375 0.184375
16 0.6015625 0.58046875 0.1328125 0.184375
15 0.50859375 0.60234375 0.13125 0.18125
14 0.41640625 0.6265625 0.13125 0.1828125
13 0.32265625 0.65234375 0.1328125 0.1828125
12 0.228125 0.678125 0.1296875 0.178125
12 0.65390625 0.396875 0.1296875 0.1765625
12 0.5625 0.4203125 0.128125 0.175
11 0.13203125 0.70234375 0.1296875 0.178125
11 0.4703125 0.44453125 0.1296875 0.1765625
10 0.37734375 0.4671875 0.1296875 0.1765625
9 0.28515625 0.48984375 0.1296875 0.1796875