1 0.5566169671875 0.1356 0.6005958578125 0.1206335671875 0.6002597046875 0.1142193875 0.5825370796875 0.0829619765625 0.5398267421875 0.1002418453125 0.553992346875 0.13573755 0.5566169671875 0.1356
22 0.6836639984375 0.10234279375 0.7034630875000001 0.0831593953125 0.70325391875 0.07916820937499999 0.66370025 0.0458188671875 0.640563990625 0.06785509375 0.6818337125 0.102438715625 0.6836639984375 0.10234279375
9 0.7618028921875 0.14988096875 0.7885925890625 0.12520189531249998 0.7883320312500001 0.12023014843749999 0.7553187968749999 0.09276491249999999 0.7267989609375001 0.122668221875 0.7575183437499999 0.15010551249999998 0.7618028921875 0.14988096875
7 0.53455923125 0 0.520046096875 0.016139028125 0.5504918812499999 0.034219121875 0.552523171875 0.0341126671875 0.574094234375 0.0030699578125000003 0.5740044109375 0.00135603125 0.5708627125 0 0.53455923125 0
0 0.6468771828125 0.179373634375 0.6525859984375 0.1790744484375 0.6771074328125 0.1540464859375 0.6404354718749999 0.11390552812500002 0.611273403125 0.138044790625 0.6468771828125 0.179373634375
17 0.353760909375 0.1728301875 0.364785703125 0.129241703125 0.36431942500000003 0.12034457968750001 0.3296959625 0.11253023749999999 0.31260356875 0.163864821875 0.3491398328125 0.17307236875 0.353760909375 0.1728301875
6 0.372656125 0.11551273749999999 0.41443673593749997 0.0914185203125 0.414426178125 0.09121706562500001 0.3964562078125 0.061343776562499994 0.353458546875 0.0859450953125 0.3701862078125 0.11564217968749999 0.372656125 0.11551273749999999
18 0.780623325 0.2155169609375 0.8173414781250001 0.22050859687500002 0.83266143125 0.2197057125 0.8316603984375 0.20060487968750002 0.82926050625 0.182324078125 0.7745687609374999 0.1737456234375 0.780623325 0.2155169609375
25 0.528254015625 0.1730732578125 0.5325021609375 0.172850621875 0.5651317375 0.16046242500000002 0.5651090828124999 0.16003015625 0.5406944109375 0.11512265937499999 0.5040166312500001 0.1288140125 0.5040239828125 0.1289542859375 0.528254015625 0.1730732578125
16 0.784979875 0.3254711203125 0.794368534375 0.32497908125 0.7917134 0.27431609687499997 0.72794555625 0.2608247515625 0.7308948546875 0.31452590625 0.784979875 0.3254711203125
4 0.6099690390625 0.109334271875 0.648152759375 0.10256235312499999 0.6480114125 0.09986529375 0.6375342625 0.069149375 0.591236146875 0.074546540625 0.5995527203125001 0.1098801671875 0.6099690390625 0.109334271875
15 0.5001612265625 0.10570118906249999 0.53646065625 0.0910686828125 0.536173765625 0.0855944703125 0.5224535484375 0.058893184375 0.47723737968749996 0.0764906953125 0.4912759109375 0.10616684843749999 0.5001612265625 0.10570118906249999
20 0.52690230625 0.028105271874999997 0.5268571265624999 0.0272431828125 0.5003908312500001 0.005551921875 0.50008255625 0.005568078125 0.4682349671875 0.0390861671875 0.49870501875000006 0.060402821875 0.50015953125 0.060326593750000004 0.52690230625 0.028105271874999997
10 0.5539404234374999 0.09193023125000001 0.5810955453125 0.0769525421875 0.5807965687500001 0.07124774218749999 0.556324025 0.036448296875 0.52469219375 0.05257295468749999 0.552299140625 0.092016246875 0.5539404234374999 0.09193023125000001
10 0.89075550625 0.20570862031249998 0.8976240703125 0.2053486546875 0.894948821875 0.15430188125 0.8514681156250001 0.1419185890625 0.8535869375 0.19438677499999998 0.89075550625 0.20570862031249998
23 0.743668621875 0.103946896875 0.7434693593749999 0.10014475625000001 0.715338146875 0.0756485125 0.7149736421874999 0.07566761562499999 0.6850103703125 0.1049978984375 0.7151850015625 0.1304190890625 0.7161115015624999 0.13037053437499999 0.743668621875 0.103946896875
23 0.6929063906249999 0.20981887656249998 0.7256536812500001 0.1781740390625 0.7255613203125 0.17641168437500002 0.694457296875 0.147588984375 0.6607497343750001 0.17978506562500002 0.6914694 0.2098941859375 0.6929063906249999 0.20981887656249998
12 0.770436884375 0.1668879015625 0.7702766703124999 0.1638308453125 0.7280238546875 0.1266169453125 0.726629575 0.12669001562499999 0.7031769171875 0.1505106921875 0.744207803125 0.19148384062499998 0.745718553125 0.191404665625 0.770436884375 0.1668879015625
12 0.6821706890625 0.1556189609375 0.7091245125000001 0.1314754421875 0.7091161625 0.1313161 0.6660702484375001 0.09260543125000001 0.641078665625 0.1140329859375 0.6797138796875 0.1557477171875 0.6821706890625 0.1556189609375
20 0.6439148921875 0.059051271875 0.66367708125 0.040521774999999996 0.6635170515625 0.037468221875 0.6277985140625 0.01034558125 0.6073111812499999 0.032140246875 0.6414595546874999 0.05917995 0.6439148921875 0.059051271875
20 0.602211796875 0.24103308281250002 0.6011023093750001 0.21986281718749998 0.5976412515625 0.198543353125 0.5418364796875 0.20359427812500003 0.5473743203125 0.24308270625 0.602211796875 0.24103308281250002
5 0.2507123078125 0.081222790625 0.2941932265625 0.066030246875 0.29356164218749997 0.0539788921875 0.28636002656250004 0.034028259374999995 0.24089893906249998 0.051910376562500006 0.247563478125 0.0813878140625 0.2507123078125 0.081222790625
5 0.58664006875 0.184095171875 0.618994103125 0.1731410859375 0.6187175890625001 0.1678648625 0.5999770343749999 0.1248107640625 0.5647768109375 0.13362852187500002 0.5830253265625001 0.1842846125 0.58664006875 0.184095171875
8 0.4788993515625 0.221034509375 0.5196901781250001 0.21889675312499998 0.5173251875 0.17377005 0.5163895015625 0.1642812390625 0.47531427031250006 0.165288490625 0.4788993515625 0.221034509375
8 0.4356256015625 0.237384190625 0.44090194374999997 0.23710766875 0.4692836640625 0.21244931875 0.46920734062499997 0.21099298437499997 0.43458215625 0.1714627421875 0.4043393671875 0.19730116250000002 0.404380065625 0.19807773281250002 0.4356256015625 0.237384190625
37 0.4711922859375 0.10878403125 0.47258514687500003 0.0963141984375 0.47162824687500005 0.07805545625 0.42636669843749997 0.07410082500000001 0.42049935781250003 0.1064128046875 0.45555597812500004 0.1096034953125 0.4711922859375 0.10878403125
31 0.9360156281249999 0.3066031609375 0.9778036234374999 0.3022164734375 0.9777498890625 0.3011911625 0.9538752203125 0.2510644828125 0.898148128125 0.25583107968749996 0.9184696890625 0.3075227046875 0.9360156281249999 0.3066031609375
35 0.4086598546875 0.06512188906250001 0.45673658125000005 0.06260229375000001 0.45660416562500006 0.0600756328125 0.45292027656249995 0.033815025 0.4071036171875 0.0381079296875 0.4086598546875 0.06512188906250001
35 0.8372016375 0.17878701875 0.8389101374999999 0.15980697187499998 0.8376084468749999 0.13496924375 0.7997677046875 0.1201296140625 0.7942425921875 0.164794703125 0.831508384375 0.1790853890625 0.8372016375 0.17878701875
33 0.7300928609375 0.07018131875 0.7474824828125 0.057298946875 0.747350990625 0.0547899296875 0.7120099421874999 0.021633325000000002 0.6893108734375 0.040841828125 0.7227513640625001 0.07056607031249999 0.7300928609375 0.07018131875
33 0.776617615625 0.2601943078125 0.7815362343750001 0.22940016562499999 0.780970453125 0.2186044078125 0.7263725515624999 0.1946493265625 0.7182434765625 0.2343148125 0.7742460375 0.26031859687500003 0.776617615625 0.2601943078125
13 0.8554760968749999 0.2367483875 0.799226903125 0.2339750953125 0.797965659375 0.23404119531249998 0.8052771765625 0.2728367734375 0.86713636875 0.2804228609375 0.8668606421874999 0.275161709375 0.8554760968749999 0.2367483875
13 0.5134416203125001 0.30684430625000003 0.5178222984375 0.272821078125 0.517090715625 0.2588616265625 0.46141931718749996 0.24460983593750002 0.4527639296875 0.29405717343750004 0.5084446171875 0.3071061890625 0.5134416203125001 0.30684430625000003
32 0.6628025109375 0.2029651109375 0.662241525 0.1922608859375 0.6245650828125 0.176455128125 0.610343171875 0.22780568906249998 0.6549982921875 0.2473774890625 0.6628025109375 0.2029651109375
32 0.648648428125 0.310710928125 0.6637139171875 0.3099213796875 0.6606189671875 0.250866203125 0.6151132953125 0.24585945312500002 0.616089603125 0.30646022500000003 0.648648428125 0.310710928125
16 0.9269696390625001 0.695109025 0.9888364624999999 0.6918667234375 0.988501075 0.6854671609375 0.9523869421875 0.577375978125 0.8942144437499999 0.5805282453125 0.9269696390625001 0.695109025
16 0.8646196875 0.6983766484375 0.9248617578125 0.6952194953124999 0.92456724375 0.689599840625 0.8928387734375001 0.5783806328125001 0.834666275 0.5815328984375 0.8646196875 0.6983766484375
15 0.860383803125 0.68896970625 0.832774278125 0.5811326296875 0.7745603453125 0.5841834921875 0.8013829671874999 0.7032553890625 0.848180540625 0.70080283125 0.8609596171874999 0.6999568859374999 0.860383803125 0.68896970625
14 0.7858661859375 0.7056332328125 0.798609665625 0.704456609375 0.798138596875 0.6954680640625 0.7726132375 0.5818439093750001 0.7120767140625001 0.5853272171875 0.7354269078125 0.70827664375 0.7858661859375 0.7056332328125
13 0.6714437109375 0.71475915 0.7348251015625 0.711437471875 0.7345003859375 0.705241515625 0.7135023265625 0.588036959375 0.6529658015625001 0.5915202671875 0.6714437109375 0.71475915
12 0.60281449375 0.716791209375 0.6692082640625 0.713311659375 0.668908421875 0.7075903421875 0.650735125 0.588528603125 0.5905092125 0.5932933593749999 0.60281449375 0.716791209375
11 0.5905646421874999 0.7205624859374999 0.600710528125 0.7199254453124999 0.59983109375 0.7031448171875 0.588336871875 0.5908137625000001 0.5709608671875 0.5917244 0.528452984375 0.5950873984375 0.5305123359375 0.6343821796875 0.5360646046875 0.7234187125 0.5905646421874999 0.7205624859374999
10 0.533610384375 0.7233516453125 0.52706031875 0.59836895 0.5268121375 0.594464559375 0.466586225 0.5992293156249999 0.47223374375000005 0.7282215859375001 0.533610384375 0.7233516453125
16 0.46927566875000004 0.7252555203125 0.46872469375000003 0.7093217890625 0.462875278125 0.5977082671875 0.404633853125 0.6023160187500001 0.4051988140625 0.730277096875 0.41356083593750004 0.7298388625000001 0.46927566875000004 0.7252555203125
15 0.40358173906249994 0.66052781875 0.40051245625 0.6019624046875001 0.343537553125 0.6042077578125 0.3394263375 0.7305947984375 0.40416835781250005 0.7272018124999999 0.40358173906249994 0.66052781875
14 0.3392196828125 0.626634303125 0.3380920515625 0.6051177953125 0.28019205937499997 0.6073996078125 0.2720823609375 0.7372534359375 0.3367332828125 0.7338652234375 0.3392196828125 0.626634303125
11 0.27856801875000003 0.6336840828125 0.27738366875 0.6110853203125 0.218604790625 0.61404624375 0.207499265625 0.7437673796875 0.27178050468750004 0.74039854375 0.27856801875000003 0.6336840828125
11 0.21342412031250002 0.6445824953125 0.2120372765625 0.6181199171875 0.1560013703125 0.6203282640625 0.13868268125 0.7489385484375 0.20544176093750002 0.7454398531249999 0.21342412031250002 0.6445824953125
11 0.15194817656249998 0.635904084375 0.1512170984375 0.621954259375 0.0926592515625 0.6214632875 0.071729390625 0.752447421875 0.1361384390625 0.7490718875 0.15194817656249998 0.635904084375
28 0.0717095328125 0.7547670921875 0.09208859999999999 0.6282125796875 0.091902103125 0.6246540281249999 0.0303317640625 0.6278807921875 0.0107124375 0.7105328421875 0.013233749999999999 0.7586423375 0.0429674171875 0.7570840624999999 0.0717095328125 0.7547670921875