41 0.09765625 0.53359375 0.05 0.059375
40 0.04453125 0.534375 0.0578125 0.0640625
22 0.915625 0.5875 0.059375 0.0734375
22 0.85703125 0.5828125 0.0515625 0.0671875
22 0.79765625 0.58125 0.0515625 0.06875
18 0.73984375 0.578125 0.0546875 0.06875
18 0.68203125 0.57265625 0.0515625 0.065625
1 0.625 0.5703125 0.05 0.0640625
1 0.56796875 0.5640625 0.05 0.0640625
1 0.51328125 0.5609375 0.0421875 0.06875
4 0.4609375 0.5546875 0.0453125 0.0609375
4 0.40546875 0.5546875 0.0453125 0.0671875
4 0.3546875 0.553125 0.0484375 0.0671875
21 0.3 0.54765625 0.0484375 0.0515625
21 0.24921875 0.54453125 0.0421875 0.0484375
21 0.19921875 0.54140625 0.046875 0.0515625
21 0.14765625 0.53828125 0.046875 0.053125