16 0.89765625 0.625 0.065625 0.1125
16 0.834375 0.6203125 0.0671875 0.1125
15 0.771875 0.61640625 0.0671875 0.109375
15 0.70859375 0.61171875 0.0703125 0.109375
15 0.64375 0.60625 0.06875 0.1109375
15 0.5796875 0.60078125 0.06875 0.1109375
14 0.51328125 0.59921875 0.0671875 0.1171875
13 0.44921875 0.59453125 0.0703125 0.1140625
11 0.384375 0.5890625 0.0734375 0.1140625
11 0.3171875 0.58671875 0.0734375 0.115625
11 0.25 0.58203125 0.0734375 0.1171875
11 0.1828125 0.57734375 0.0703125 0.1171875
10 0.1140625 0.5703125 0.075 0.1109375
9 0.04453125 0.56484375 0.0703125 0.1203125