30 0.071875 0.51875 0.075 0.0890625
17 0.890625 0.60546875 0.0640625 0.0828125
17 0.825 0.61171875 0.059375 0.084375
17 0.7609375 0.61328125 0.05625 0.08125
31 0.6984375 0.6203125 0.0578125 0.084375
31 0.63515625 0.621875 0.059375 0.0875
36 0.5734375 0.6234375 0.0609375 0.0828125
36 0.5109375 0.62578125 0.0578125 0.08125
34 0.44921875 0.6296875 0.0515625 0.0796875
34 0.38515625 0.63125 0.0484375 0.08125
33 0.325 0.6328125 0.046875 0.075
33 0.26484375 0.63203125 0.0484375 0.075
33 0.2 0.63671875 0.0453125 0.08125
9 0.13984375 0.6453125 0.0578125 0.0859375