27 0.06328125 0.396875 0.0578125 0.0703125
28 0.11796875 0.409375 0.059375 0.075
6 0.17109375 0.41875 0.059375 0.0671875
6 0.22734375 0.43046875 0.0609375 0.0703125
6 0.2828125 0.44296875 0.0609375 0.0703125
0 0.340625 0.4546875 0.0578125 0.0703125
0 0.39609375 0.465625 0.0609375 0.0734375
0 0.453125 0.47890625 0.0625 0.078125
16 0.5078125 0.4890625 0.05625 0.0671875
16 0.5640625 0.4984375 0.0546875 0.071875
16 0.62109375 0.51171875 0.0609375 0.075
18 0.68046875 0.52109375 0.0640625 0.075
18 0.74140625 0.5328125 0.065625 0.075
25 0.8 0.54375 0.0640625 0.075
25 0.8609375 0.5546875 0.065625 0.0734375
25 0.925 0.56640625 0.0640625 0.071875