28 0.05859375 0.43125 0.0390625 0.0703125
29 0.10703125 0.43203125 0.04375 0.0703125
17 0.16015625 0.4328125 0.0453125 0.06875
17 0.209375 0.4375 0.040625 0.0734375
17 0.26015625 0.44375 0.04375 0.071875
17 0.31640625 0.44375 0.05 0.0671875
3 0.36953125 0.44375 0.0421875 0.06875
3 0.42578125 0.4453125 0.0421875 0.065625
3 0.47734375 0.4484375 0.046875 0.0703125
2 0.53671875 0.453125 0.053125 0.0671875
2 0.59453125 0.45546875 0.05 0.0765625
2 0.653125 0.46015625 0.053125 0.071875
4 0.71484375 0.459375 0.053125 0.075
4 0.77578125 0.4640625 0.053125 0.0703125
4 0.83828125 0.465625 0.0578125 0.075
6 0.9046875 0.4671875 0.0609375 0.075
6 0.9703125 0.475 0.05625 0.0734375