17 0.94765625 0.4890625 0.08125 0.0859375
16 0.88125 0.465625 0.0796875 0.090625
16 0.81640625 0.45 0.075 0.0875
15 0.75390625 0.434375 0.0734375 0.0859375
15 0.68984375 0.4171875 0.06875 0.0875
15 0.628125 0.4 0.06875 0.0875
14 0.565625 0.38515625 0.06875 0.0859375
14 0.50234375 0.3671875 0.065625 0.0859375
13 0.44296875 0.3515625 0.065625 0.0859375
13 0.38203125 0.33359375 0.0671875 0.0859375
12 0.3203125 0.3171875 0.071875 0.0890625
12 0.25546875 0.29765625 0.0671875 0.0859375
11 0.19765625 0.28046875 0.0640625 0.0828125
10 0.13515625 0.2640625 0.0671875 0.0859375