12 0.09453125 0.4 0.0609375 0.08125
13 0.159375 0.4140625 0.0625 0.0796875
14 0.21484375 0.43828125 0.059375 0.08125
12 0.27734375 0.45234375 0.0578125 0.0796875
13 0.3359375 0.46875 0.059375 0.0828125
14 0.39375 0.48203125 0.059375 0.0828125
14 0.4484375 0.49375 0.053125 0.078125
16 0.5046875 0.5078125 0.05625 0.08125
15 0.55859375 0.5171875 0.0609375 0.0796875
15 0.61015625 0.528125 0.053125 0.0765625
16 0.6625 0.53984375 0.0578125 0.0765625
17 0.7140625 0.5515625 0.0609375 0.0796875
10 0.765625 0.5640625 0.0609375 0.0796875
10 0.81640625 0.58203125 0.0609375 0.0796875