38 0.26640625 0.6703125 0.06875 0.0921875
30 0.203125 0.68671875 0.078125 0.09375
37 0.82265625 0.5375 0.078125 0.090625
37 0.76015625 0.553125 0.0765625 0.0890625
37 0.69921875 0.5703125 0.0765625 0.096875
33 0.63828125 0.584375 0.065625 0.084375
33 0.5765625 0.59609375 0.0640625 0.078125
33 0.51328125 0.60703125 0.0609375 0.0796875
22 0.740625 0.69453125 0.075 0.0984375
22 0.66875 0.71171875 0.071875 0.0875
22 0.60234375 0.7328125 0.0703125 0.0953125
24 0.534375 0.75 0.075 0.103125
24 0.4671875 0.7671875 0.0734375 0.103125
18 0.45234375 0.6234375 0.0671875 0.0875
18 0.390625 0.6359375 0.065625 0.0828125
18 0.33125 0.65234375 0.065625 0.0875