9 0.909375 0.50625 0.0453125 0.071875
11 0.85078125 0.50546875 0.0453125 0.078125
15 0.79140625 0.5109375 0.0453125 0.06875
9 0.74140625 0.51875 0.046875 0.0703125
10 0.671875 0.51875 0.04375 0.0734375
9 0.61640625 0.52578125 0.046875 0.06875
16 0.53828125 0.528125 0.04375 0.078125
13 0.45859375 0.5296875 0.04375 0.0765625
15 0.39296875 0.54296875 0.0421875 0.071875
10 0.328125 0.54453125 0.04375 0.06875
13 0.253125 0.55234375 0.040625 0.0640625
9 0.18125 0.559375 0.0453125 0.071875
12 0.11953125 0.56171875 0.0421875 0.06875
14 0.05625 0.56953125 0.040625 0.0703125