38 0.103125 0.62578125 0.059375 0.071875
27 0.0515625 0.62890625 0.05 0.0703125
6 0.153125 0.625 0.0484375 0.0734375
6 0.20078125 0.621875 0.0484375 0.0734375
6 0.25078125 0.61640625 0.0484375 0.0765625
37 0.2984375 0.61640625 0.05 0.071875
37 0.35 0.615625 0.0515625 0.075
37 0.40234375 0.6109375 0.053125 0.0765625
37 0.45625 0.609375 0.0515625 0.075
24 0.51328125 0.60546875 0.0484375 0.0734375
24 0.57109375 0.60234375 0.0546875 0.0828125
24 0.628125 0.6015625 0.0546875 0.0828125
12 0.6890625 0.5984375 0.053125 0.084375
12 0.7484375 0.59765625 0.059375 0.0828125
32 0.81015625 0.590625 0.05625 0.0796875
32 0.87421875 0.5890625 0.05625 0.0828125
32 0.946875 0.5890625 0.0625 0.0875