27 0.125 0.66015625 0.059375 0.0890625
38 0.0671875 0.6640625 0.0578125 0.0875
4 0.17890625 0.653125 0.0515625 0.0859375
5 0.234375 0.6546875 0.0515625 0.0875
6 0.2921875 0.65 0.05 0.0921875
33 0.34921875 0.64453125 0.053125 0.090625
33 0.40546875 0.64375 0.053125 0.0921875
33 0.4640625 0.63828125 0.059375 0.096875
1 0.521875 0.63671875 0.0625 0.09375
2 0.57890625 0.63359375 0.0546875 0.0953125
3 0.63359375 0.62578125 0.0484375 0.0875
0 0.6953125 0.6234375 0.053125 0.0859375
0 0.75546875 0.61796875 0.05625 0.0859375
32 0.8140625 0.615625 0.0578125 0.0828125
32 0.87421875 0.61328125 0.05625 0.0859375
32 0.93984375 0.6140625 0.0625 0.0859375