28 0.25390625 0.2546875 0.084375 0.1140625
38 0.178125 0.2375 0.0859375 0.1109375
26 0.65859375 0.51328125 0.090625 0.1125
26 0.5796875 0.490625 0.0890625 0.1109375
22 0.96171875 0.40859375 0.0765625 0.1015625
22 0.8953125 0.3953125 0.078125 0.0984375
22 0.8234375 0.38046875 0.078125 0.0984375
21 0.753125 0.36640625 0.08125 0.103125
21 0.68046875 0.35 0.08125 0.1109375
21 0.60859375 0.33671875 0.084375 0.1109375
21 0.53984375 0.32109375 0.0859375 0.115625
11 0.5046875 0.475 0.0875 0.1203125
11 0.42734375 0.4578125 0.0859375 0.1171875
11 0.3484375 0.4390625 0.0796875 0.115625
17 0.465625 0.3015625 0.078125 0.10625
17 0.39375 0.2859375 0.075 0.10625
17 0.32265625 0.26640625 0.0765625 0.1078125