16 0.85234375 0.57265625 0.0890625 0.146875
16 0.76953125 0.57890625 0.0921875 0.15
16 0.68828125 0.58671875 0.09375 0.146875
13 0.60390625 0.5921875 0.09375 0.146875
14 0.52109375 0.5984375 0.09375 0.146875
14 0.4375 0.60625 0.09375 0.15
14 0.35234375 0.61328125 0.096875 0.15
13 0.2671875 0.62265625 0.096875 0.15
12 0.18125 0.62734375 0.096875 0.1484375
10 0.671875 0.4421875 0.090625 0.14375
10 0.58984375 0.44921875 0.0921875 0.14375
11 0.50703125 0.45546875 0.0921875 0.14375
10 0.425 0.4625 0.0921875 0.14375
9 0.34296875 0.4671875 0.0921875 0.1453125