30 0.08203125 0.59296875 0.0875 0.0984375
17 0.903125 0.53671875 0.075 0.090625
17 0.83984375 0.55390625 0.071875 0.0921875
17 0.7765625 0.56640625 0.06875 0.0875
31 0.71640625 0.58359375 0.0703125 0.090625
31 0.6546875 0.596875 0.071875 0.0953125
36 0.59375 0.60859375 0.0734375 0.0890625
36 0.5328125 0.621875 0.06875 0.0890625
34 0.47265625 0.63671875 0.0640625 0.0859375
34 0.41015625 0.64921875 0.0609375 0.0859375
33 0.35078125 0.6609375 0.0578125 0.0796875
33 0.29140625 0.67109375 0.059375 0.0796875
33 0.22890625 0.68671875 0.0578125 0.0859375
9 0.1703125 0.70546875 0.0703125 0.09375