33 0.69754430625 0.39474799374999997 0.7013473953125 0.34846404375 0.6995489859374999 0.33921203437499997 0.6218640546875001 0.31924583125 0.615956915625 0.3706678859375 0.6943555078125 0.3953678328125 0.69754430625 0.39474799374999997
33 0.41067999843749997 0.1305680546875 0.40983806874999995 0.10166761718749999 0.40724232968749996 0.0883136953125 0.344066359375 0.08357264375 0.34352938593750004 0.12640067187499998 0.40506920625 0.13165868125 0.41067999843749997 0.1305680546875
33 0.47074175625 0.3815311296875 0.50034590625 0.346192003125 0.49930535625 0.3408388375 0.442828753125 0.2922547859375 0.40821599218750004 0.3330579765625 0.4667600078125 0.382305103125 0.47074175625 0.3815311296875
31 0.2144392828125 0.2339749234375 0.2558718984375 0.2103502390625 0.2540324046875 0.20088685781249999 0.22962994375 0.15551650156250002 0.18370982656249998 0.17795932812499998 0.213162696875 0.2342230671875 0.2144392828125 0.2339749234375
35 0.4667823359375 0.084644478125 0.4792566765625 0.049354524999999996 0.4787355375 0.0466735 0.42517474687499995 0.0248568234375 0.408171490625 0.05822446875 0.46342934375 0.085296234375 0.4667823359375 0.084644478125
35 0.8620875265624999 0.385048459375 0.87726415 0.32814093906249997 0.8758046343749999 0.3206323765625 0.8222925484375001 0.296176065625 0.8030346859374999 0.3576928734375 0.857949771875 0.3858527578125 0.8620875265624999 0.385048459375
32 0.6859124999999999 0.328563959375 0.6857107953125 0.2843983484375 0.68371239375 0.2741174625 0.6077410984375 0.260324621875 0.605674240625 0.31064644375 0.6843535578125 0.3288669875 0.6859124999999999 0.328563959375
0 0.7199134875000001 0.197798740625 0.7669149046875 0.1862617828125 0.76572125625 0.180120996875 0.743511578125 0.13805913281249999 0.680406084375 0.1539473890625 0.700874884375 0.2014994703125 0.7199134875000001 0.197798740625
15 0.8588077703125 0.4732319453125 0.85494185 0.40983427656250004 0.851656246875 0.3929313109375 0.7890349109375 0.376239153125 0.7921602671875 0.45831627812500003 0.8549752249999999 0.4739769171875 0.8588077703125 0.4732319453125
9 0.509871375 0.11924592812499998 0.528890125 0.067220778125 0.5285601328125 0.06552311718750001 0.4855837515625 0.0494212546875 0.464261596875 0.10065924374999999 0.509263540625 0.1193640796875 0.509871375 0.11924592812499998
16 0.612418875 0.17412472031249998 0.658925734375 0.1547899671875 0.65751246875 0.1475193515625 0.6339535109375001 0.1084668 0.5754669359375 0.135158140625 0.5992246328124999 0.176689421875 0.612418875 0.17412472031249998
18 0.282099465625 0.13327715 0.2790125578125 0.08373408437499999 0.27777389218750004 0.077361703125 0.2301277109375 0.0792136859375 0.23032258749999998 0.1322325078125 0.2738415328125 0.1348823296875 0.282099465625 0.13327715
18 0.7299788859375 0.10511276875 0.7645893078125 0.0678429984375 0.7639002234375 0.0642979703125 0.7256157078125 0.0366219796875 0.6877057625 0.07709240625 0.7270757921875 0.10567707343749999 0.7299788859375 0.10511276875
18 0.5890003453125 0.1118235390625 0.602198403125 0.075862396875 0.6017637765625 0.07362643906250001 0.5448602984375001 0.0511405671875 0.5284360968749999 0.086275615625 0.5868167484375 0.1122479859375 0.5890003453125 0.1118235390625
19 0.7196208375 0.3729475578125 0.790957125 0.3590811875 0.788506496875 0.3464738015625 0.7715734453125 0.30902806875 0.6993131328125 0.3229965609375 0.7196208375 0.3729475578125
20 0.1287257375 0.411402178125 0.153022490625 0.3609077375 0.1526506359375 0.35899471250000003 0.088743621875 0.332699159375 0.0628682765625 0.3842595609375 0.1272031484375 0.41169813906249997 0.1287257375 0.411402178125
21 0.5582189 0.40432091562499994 0.5782471171875 0.3375181296875 0.576706003125 0.32958978437500003 0.5255115531250001 0.30757560625 0.5036287140625 0.37601406875 0.55752716875 0.40445537500000006 0.5582189 0.40432091562499994
21 0.5745084078125 0 0.5603769546875 0.0380665390625 0.6028898296875 0.055004371875 0.6086277734375 0.053889028125 0.622797903125 0.009872479687500001 0.6223277234375 0.0074536171875 0.5998379375 0 0.5745084078125 0
22 0.3941933578125 0.071694684375 0.41232835625 0.040779675 0.41136788593749996 0.035838484375 0.3562432921875 0.0190672125 0.33761143125 0.0498000859375 0.3916022140625 0.0721983515625 0.3941933578125 0.071694684375
22 0.43445244687500006 0.1545982515625 0.4338843234375 0.15167551562499998 0.371100921875 0.14303668125 0.3702435609375 0.1432033359375 0.3642931734375 0.1846830171875 0.4300078078125 0.19525613749999998 0.43197874531249997 0.194873025 0.43445244687500006 0.1545982515625
23 0.308336034375 0.2252737125 0.31158414687499997 0.22464234374999997 0.3357738859375 0.1881616484375 0.281484409375 0.15196808906249998 0.2546328390625 0.1861483546875 0.308336034375 0.2252737125
23 0.550084565625 0.2085257109375 0.599688809375 0.1857839203125 0.5991477890625 0.183000609375 0.5735988546875 0.14395666406250002 0.5187177765625 0.175384903125 0.54205963125 0.21008559999999998 0.550084565625 0.2085257109375
24 0.4973328265625 0 0.47865856406249996 0.046277501562500004 0.4788881421875 0.0474585828125 0.522102675 0.0627490796875 0.5253405046874999 0.062119709375 0.5439806578125 0.013833767187500002 0.5436568187499999 0.01216775625 0.5078073828125 0 0.4973328265625 0
24 0.503051765625 0.1890165546875 0.5319206578125 0.1401332421875 0.5315262265625 0.138104071875 0.49209005625 0.11641343906249998 0.46029235156250004 0.1643038359375 0.5001721625 0.1895762921875 0.503051765625 0.1890165546875
25 0.6392871390625 0 0.6388214921875 0.01368049375 0.6998995546875 0.023413632812499998 0.70546683125 0.0223314640625 0.70445091875 0.004122329687500001 0.70364961875 0 0.6392871390625 0
25 0.651251559375 0.2554314921875 0.6928495125 0.2508117890625 0.7011529234375 0.24919776875 0.7000771296875 0.24366329062499997 0.6802366203125 0.18650194375 0.6318635968749999 0.1930679203125 0.651251559375 0.2554314921875
25 0.584575778125 0.254348878125 0.63783204375 0.2346151359375 0.6373176218750001 0.2319686625 0.6171370984375 0.193105340625 0.5549521703125 0.21722057968750003 0.5739446015625 0.25641536875000004 0.584575778125 0.254348878125
25 0.31093244375 0.2995810296875 0.329786315625 0.2548654375 0.3296116578125 0.2539669 0.2659779375 0.22483809687499998 0.2423186328125 0.26934744843749997 0.3079167046875 0.3001672296875 0.31093244375 0.2995810296875
26 0.6883567859374999 0.06385919531249999 0.6895905765625 0.0259383015625 0.6895844828125 0.025906951562500002 0.625233278125 0.0169802890625 0.6223739046875 0.055354325 0.6806220953125 0.0653626671875 0.6883567859374999 0.06385919531249999
26 0.22111557187500003 0.352058046875 0.2680735234375 0.297688609375 0.26792406875 0.29691973125 0.2291615390625 0.2670067015625 0.1805129046875 0.3203389234375 0.219939128125 0.352286725 0.22111557187500003 0.352058046875
1 0.37605445937500004 0.46201452343750005 0.3974799484375 0.41477618749999995 0.396181046875 0.4080939203125 0.32900258125000004 0.37683175625 0.30442152031249997 0.4248017875 0.3736175078125 0.46248821875 0.37605445937500004 0.46201452343750005
2 0.186701546875 0.1295362 0.22393959687499998 0.1115833265625 0.22199853749999998 0.10159743750000001 0.20007646874999999 0.061018998437500006 0.15680756093749998 0.08050724687500001 0.1832643515625 0.1302043234375 0.186701546875 0.1295362
3 0.729984190625 0.2515522625 0.7819746171874999 0.2391708359375 0.7811469171875001 0.2349126890625 0.7613568374999999 0.1967422625 0.696070096875 0.21100272343749998 0.7172966328125 0.25401847499999997 0.729984190625 0.2515522625
3 0.2901030140625 0.4261942125 0.325347328125 0.3630499015625 0.3249100671875 0.36080039375 0.276273746875 0.335731 0.240530878125 0.40005798124999997 0.2860518609375 0.4269816765625 0.2901030140625 0.4261942125
3 0.192687171875 0.28436370625 0.22293555937499998 0.24562789375 0.22287195624999998 0.245300684375 0.1725338984375 0.20970358125000002 0.1390772515625 0.246340190625 0.19079124375 0.2847322375 0.192687171875 0.28436370625
3 0.3933655625 0.3886128140625 0.4049101015625 0.3219799421875 0.4034814296875 0.3146300625 0.3557849 0.30450721875000003 0.3404919359375 0.372197053125 0.39237124843750004 0.38880608906249997 0.3933655625 0.3886128140625
4 0.462439703125 0.093859778125 0.4615717765625 0.08939468125 0.41595190000000004 0.08497444531250001 0.41469189687499997 0.085219365625 0.41376363749999995 0.1408573171875 0.4593208234375 0.1433976640625 0.46275746250000005 0.1427296484375 0.462439703125 0.093859778125
5 0.44439435156249996 0.2720469171875 0.4755531890625 0.259588615625 0.47490755625 0.25626712500000004 0.442689746875 0.1989421578125 0.39929423124999996 0.218909846875 0.42814865312499994 0.2752047609375 0.44439435156249996 0.2720469171875
5 0.3364807015625 0.113156040625 0.3480881390625 0.0624115515625 0.3477396734375 0.0606188515625 0.3043736796875 0.050051364062500006 0.28826658125 0.100764171875 0.334305303125 0.11357889375 0.3364807015625 0.113156040625
5 0.5055697968749999 0.47185767968750003 0.5346144328125 0.40784485156250005 0.5336872875 0.4030751 0.4887365640625 0.374334640625 0.4542993390625 0.4402810515625 0.5016864328125 0.472612528125 0.5055697968749999 0.47185767968750003
6 0.23920399374999998 0.37845463125 0.238431496875 0.37448048125 0.20014661406249998 0.3449917859375 0.19999152656250002 0.34502193124999997 0.1510124 0.404719065625 0.19262399531250002 0.44036697968749994 0.1939900171875 0.44010145312500004 0.23920399374999998 0.37845463125
6 0.68521975 0.15042319531249998 0.72816423125 0.1343055640625 0.7275130578125 0.1309555640625 0.700803853125 0.09150548281250001 0.6429833734375 0.1129901015625 0.667612003125 0.15384579375000001 0.68521975 0.15042319531249998
6 0.7386655640625001 0.31035107812499996 0.794956815625 0.2977696390625 0.7941324562500001 0.293528678125 0.77159545625 0.2492291640625 0.7060753937500001 0.2641380484375 0.72661366875 0.3126937296875 0.7386655640625001 0.31035107812499996
7 0.3993932890625 0.303078665625 0.41010979843750006 0.25865306875 0.40869726718750005 0.2513862265625 0.3437125109375 0.234642278125 0.33198086718750003 0.2841541953125 0.39880537031249996 0.3031929453125 0.3993932890625 0.303078665625
7 0.555675384375 0.3109023796875 0.5833493578125 0.2736898890625 0.583148190625 0.27265497656250004 0.5272751687499999 0.228349709375 0.4982271640625 0.263704859375 0.55450399375 0.311130075 0.555675384375 0.3109023796875
8 0.3347744875 0.180340978125 0.361265521875 0.146580940625 0.36054904374999996 0.14289498437499998 0.3119810453125 0.1124312203125 0.28531718906250003 0.1448938125 0.3329680484375 0.18069211406250002 0.3347744875 0.180340978125
8 0.7364665765625 0.47631998124999997 0.7854185046875 0.4288532625 0.784383384375 0.42352803124999994 0.738584925 0.381152378125 0.690332615625 0.43150676250000003 0.7334567765625 0.4769050265625 0.7364665765625 0.47631998124999997
8 0.62668136875 0.47378389218750006 0.6928315203125 0.45205237656249997 0.6917992265625 0.44674168593749997 0.66479953125 0.39412605 0.5950433859375 0.41567342343749997 0.620527909375 0.47498000312500005 0.62668136875 0.47378389218750006
17 1 0.5972023015625 0.9371627890625 0.598953428125 0.971607296875 0.7100218734375 1 0.7082831296875 1 0.5972023015625
17 0.8969692546875001 0.71106769375 0.9622718593749999 0.7093914828125001 0.9655727328125 0.7087498578125 0.961187509375 0.6861898390625 0.9357261781249999 0.6012918078125 0.8677249874999999 0.6020543093749999 0.8969692546875001 0.71106769375
13 0.8232693921875001 0.706875375 0.888855371875 0.707744753125 0.8920368890624999 0.7071263296875 0.8889970406250001 0.6914876671875 0.8639829390625 0.5997614640625 0.795981746875 0.6005239640625 0.8232693921875001 0.706875375
13 0.7477136328125 0.706584578125 0.8112190781249999 0.706918271875 0.8169672515625 0.705800940625 0.8105339078125 0.672704253125 0.7905732421875 0.5985750999999999 0.7257071171875 0.6001735546875 0.7477136328125 0.706584578125
13 0.6768920125 0.708624178125 0.731761303125 0.7080375953125 0.7452633390625001 0.705413065625 0.7393887328125001 0.675190834375 0.723472159375 0.5996522953125 0.658606034375 0.601250746875 0.6768920125 0.708624178125
11 0.661402559375 0.7057965015625001 0.6717274953125 0.7037895375 0.6512053015625 0.598212003125 0.5889513234375 0.599746084375 0.6051855359375 0.70776428125 0.661402559375 0.7057965015625001
11 0.592308759375 0.70967650625 0.6024062265625 0.7077137578125 0.5888921796875 0.6215691125 0.5853972546875 0.60358928125 0.5212028515625 0.6051711828124999 0.533742271875 0.70634420625 0.5345967390624999 0.7107400593750001 0.592308759375 0.70967650625
11 0.5310388109375 0.7088522187499999 0.5217397796875 0.62821910625 0.516950375 0.6035797515625 0.45377463437500004 0.6081937078124999 0.463851559375 0.71148586875 0.5283119796875 0.7093822609375 0.5310388109375 0.7088522187499999
34 0.45957952031250004 0.711600284375 0.4512227140625 0.6175593953125 0.44894240312499994 0.6058282125 0.3875413578125 0.6079575640625 0.3941485703125 0.71498331875 0.4588167203125 0.7117485578125 0.45957952031250004 0.711600284375
34 0.3838155734375 0.6147100437499999 0.38265610156249996 0.6087450765625 0.3229696515625 0.610814965625 0.32073321093749996 0.6112496859375 0.3234843 0.712534509375 0.3862238671875 0.711533475 0.39113020781249996 0.7105797796875 0.3838155734375 0.6147100437499999
34 0.3198732109375 0.7132885234375 0.31615120937499996 0.6187262109375 0.31466225937500003 0.6110662296875 0.253301790625 0.611101575 0.25303910625000003 0.716160975 0.3124008125 0.714741009375 0.3198732109375 0.7132885234375
12 0.22855075625 0.71671410625 0.2481179234375 0.712910634375 0.24784735625 0.613046046875 0.185299465625 0.613082075 0.18197744062500001 0.7187361515624999 0.22855075625 0.71671410625
12 0.1638693171875 0.7245116687500001 0.1772216703125 0.7219162359375 0.1798158265625 0.6215797625 0.17926086875 0.618724746875 0.1173417578125 0.618760415625 0.107487553125 0.7244344546875 0.10768730625 0.725462090625 0.1638693171875 0.7245116687500001
12 0.10432500625 0.7217602078125 0.11145986875 0.6302268046874999 0.1097714625 0.6215407078124999 0.049654159375 0.6183192875 0.0382929515625 0.7234134859375 0.0895679765625 0.724628684375 0.10432500625 0.7217602078125