15 0.8796875 0.55078125 0.04375 0.0828125
9 0.83671875 0.54140625 0.0484375 0.0921875
10 0.790625 0.53125 0.0515625 0.09375
16 0.74375 0.5171875 0.0515625 0.0953125
14 0.6921875 0.5078125 0.053125 0.0953125
12 0.63515625 0.49609375 0.05625 0.0984375
16 0.5796875 0.48359375 0.059375 0.103125
11 0.52265625 0.471875 0.0625 0.1078125
12 0.45859375 0.4578125 0.0703125 0.1078125
14 0.38984375 0.4421875 0.0703125 0.115625
14 0.31640625 0.42421875 0.0734375 0.11875
10 0.2359375 0.4078125 0.078125 0.13125
11 0.153125 0.3921875 0.084375 0.134375