38 0.97578125 0.69453125 0.0484375 0.1078125
15 0.92890625 0.7046875 0.0734375 0.1078125
15 0.871875 0.7140625 0.071875 0.109375
15 0.8125 0.725 0.06875 0.1078125
13 0.75390625 0.73828125 0.06875 0.1078125
12 0.69375 0.75 0.071875 0.109375
11 0.6359375 0.7609375 0.06875 0.10625
33 0.5796875 0.76953125 0.0703125 0.10625
33 0.51953125 0.7828125 0.0671875 0.1046875
33 0.459375 0.7921875 0.065625 0.10625
13 0.40390625 0.80078125 0.0671875 0.1015625
13 0.34453125 0.81484375 0.0640625 0.1046875
14 0.28671875 0.82734375 0.0609375 0.1015625
13 0.22890625 0.83828125 0.0625 0.1015625
12 0.1703125 0.8484375 0.0609375 0.1015625