20 0.41796875 0.48515625 0.05625 0.09375
19 0.35546875 0.4890625 0.05 0.0859375
18 0.2921875 0.49375 0.05625 0.0875
31 0.10546875 0.51484375 0.046875 0.096875
31 0.171875 0.50625 0.053125 0.0890625
31 0.23046875 0.50078125 0.0484375 0.0875
37 0.48046875 0.484375 0.05625 0.1
37 0.53828125 0.47265625 0.05625 0.090625
37 0.6015625 0.47109375 0.0578125 0.0921875
22 0.66484375 0.46484375 0.05625 0.0921875
22 0.73046875 0.465625 0.05 0.0828125
22 0.78671875 0.44921875 0.053125 0.0828125
24 0.85 0.44296875 0.05625 0.0890625
24 0.9109375 0.44375 0.05625 0.0921875