25 0.89140625 0.55625 0.084375 0.090625
24 0.81796875 0.53984375 0.0875 0.0921875
23 0.74609375 0.525 0.0765625 0.0921875
20 0.678125 0.51015625 0.0859375 0.0984375
19 0.60390625 0.49140625 0.075 0.090625
18 0.53671875 0.47109375 0.075 0.0875
19 0.46171875 0.45703125 0.0640625 0.0796875
19 0.39375 0.44140625 0.06875 0.084375
26 0.696875 0.38671875 0.075 0.08125
25 0.63046875 0.37265625 0.06875 0.0859375
24 0.5671875 0.36015625 0.0765625 0.090625
37 0.50078125 0.34140625 0.06875 0.0828125
37 0.4359375 0.325 0.06875 0.084375
37 0.37421875 0.309375 0.065625 0.0828125
40 0.30703125 0.29765625 0.0765625 0.090625
39 0.2421875 0.28359375 0.075 0.0875