29 0.1171875 0.528125 0.0484375 0.075
38 0.0625 0.5265625 0.0625 0.0828125
8 0.9015625 0.6140625 0.0625 0.084375
8 0.84140625 0.61328125 0.059375 0.090625
4 0.78203125 0.6078125 0.059375 0.090625
5 0.725 0.59921875 0.05625 0.0890625
6 0.6671875 0.5921875 0.05625 0.0859375
2 0.61015625 0.58828125 0.05625 0.0859375
1 0.55390625 0.58125 0.05625 0.0890625
0 0.4984375 0.57578125 0.0515625 0.0890625
0 0.44453125 0.56796875 0.0546875 0.090625
0 0.3875 0.5640625 0.053125 0.09375
0 0.33203125 0.5578125 0.0515625 0.0921875
6 0.278125 0.55234375 0.0515625 0.0859375
5 0.2265625 0.546875 0.0546875 0.084375
4 0.171875 0.540625 0.053125 0.0828125