32 0.90390625 0.4984375 0.065625 0.1109375
32 0.84140625 0.4953125 0.0671875 0.1109375
32 0.77734375 0.490625 0.065625 0.10625
8 0.71328125 0.4875 0.06875 0.109375
8 0.64765625 0.48515625 0.0671875 0.109375
8 0.58125 0.48046875 0.065625 0.109375
7 0.51875 0.475 0.065625 0.1078125
6 0.453125 0.47265625 0.0671875 0.109375
5 0.38828125 0.46953125 0.0671875 0.1109375
5 0.32265625 0.46484375 0.0703125 0.109375
4 0.2546875 0.46171875 0.0703125 0.1078125
3 0.18671875 0.45625 0.06875 0.1109375
0 0.11875 0.453125 0.065625 0.109375
0 0.0515625 0.44765625 0.0671875 0.115625