7 0.6890625 0.6171875 0.11875 0.1640625
7 0.603125 0.596875 0.11875 0.165625
7 0.51640625 0.57578125 0.121875 0.16875
6 0.43203125 0.55390625 0.121875 0.1671875
6 0.34296875 0.534375 0.125 0.16875
6 0.2546875 0.51171875 0.1234375 0.16875
2 0.809375 0.490625 0.1140625 0.1609375
2 0.7234375 0.46796875 0.1171875 0.1640625
2 0.6390625 0.4484375 0.11875 0.1640625
2 0.55234375 0.4265625 0.1171875 0.1609375
1 0.46796875 0.40546875 0.11875 0.1640625
0 0.38125 0.38203125 0.11875 0.1609375
0 0.29296875 0.36171875 0.1203125 0.1671875
0 0.20546875 0.3390625 0.1203125 0.165625