17 0.9125 0.48203125 0.0515625 0.1140625
16 0.8515625 0.4953125 0.0578125 0.128125
15 0.7875 0.4984375 0.053125 0.125
15 0.7265625 0.5015625 0.0546875 0.125
14 0.66484375 0.503125 0.0578125 0.1265625
13 0.60078125 0.50859375 0.0625 0.13125
12 0.534375 0.51640625 0.0640625 0.1265625
11 0.46796875 0.51953125 0.059375 0.1359375
10 0.4 0.525 0.0578125 0.1328125
11 0.33359375 0.53203125 0.0578125 0.13125
10 0.265625 0.5375 0.059375 0.13125
9 0.196875 0.54296875 0.0515625 0.128125
9 0.12421875 0.55390625 0.0578125 0.1203125
9 0.05234375 0.5515625 0.059375 0.1296875