17 0.95546875 0.51640625 0.0609375 0.0921875
26 0.90234375 0.5359375 0.065625 0.09375
35 0.84453125 0.5453125 0.0546875 0.09375
31 0.78984375 0.56171875 0.059375 0.0875
37 0.73203125 0.56796875 0.06875 0.0953125
32 0.66640625 0.5375 0.0546875 0.0875
32 0.61875 0.5921875 0.05625 0.0890625
33 0.5640625 0.61328125 0.059375 0.0859375
33 0.509375 0.63046875 0.0578125 0.0890625
0 0.44921875 0.64453125 0.0609375 0.0921875
0 0.39140625 0.659375 0.06875 0.096875
0 0.33125 0.67265625 0.065625 0.0921875
8 0.27421875 0.68984375 0.06875 0.096875
8 0.2125 0.7046875 0.0640625 0.0953125
8 0.15390625 0.72578125 0.0703125 0.1046875
40 0.0921875 0.7359375 0.0671875 0.103125