41 0.1234375 0.4109375 0.0578125 0.075
29 0.0671875 0.4015625 0.0484375 0.071875
36 0.9203125 0.53203125 0.0578125 0.0640625
36 0.8578125 0.5234375 0.0640625 0.0734375
22 0.796875 0.51484375 0.0609375 0.065625
22 0.73671875 0.50703125 0.0578125 0.06875
16 0.678125 0.4953125 0.0640625 0.0671875
16 0.615625 0.4859375 0.0578125 0.0671875
6 0.55859375 0.475 0.05625 0.0640625
6 0.5015625 0.46875 0.053125 0.06875
4 0.446875 0.4625 0.053125 0.0703125
4 0.39375 0.45234375 0.0578125 0.0640625
21 0.3359375 0.44296875 0.053125 0.0609375
21 0.28203125 0.43359375 0.0515625 0.0625
3 0.22734375 0.42734375 0.05 0.065625
3 0.17421875 0.41640625 0.0546875 0.065625