14 0.93125 0.4875 0.0640625 0.10625
15 0.8640625 0.5 0.0578125 0.103125
16 0.8015625 0.51875 0.071875 0.1109375
17 0.73203125 0.5328125 0.065625 0.1078125
13 0.66640625 0.5453125 0.065625 0.109375
14 0.59609375 0.56328125 0.071875 0.1171875
15 0.52734375 0.57265625 0.0671875 0.1109375
10 0.4609375 0.5875 0.0671875 0.109375
11 0.390625 0.59140625 0.0734375 0.1125
12 0.32265625 0.61953125 0.071875 0.115625
15 0.25 0.62578125 0.06875 0.1234375
16 0.18046875 0.65 0.0734375 0.1109375
17 0.10546875 0.66015625 0.065625 0.115625
29 0.0453125 0.67265625 0.0671875 0.1125