27 0.0921875 0.46640625 0.0546875 0.0921875
26 0.1546875 0.47109375 0.0625 0.090625
26 0.215625 0.47265625 0.059375 0.090625
20 0.2765625 0.47734375 0.053125 0.0875
20 0.33671875 0.47890625 0.053125 0.078125
33 0.3984375 0.48046875 0.05 0.0796875
33 0.45859375 0.48125 0.053125 0.075
34 0.51640625 0.4828125 0.046875 0.0734375
34 0.57578125 0.48515625 0.046875 0.0765625
35 0.63828125 0.48671875 0.046875 0.071875
35 0.69609375 0.4890625 0.0453125 0.075
31 0.753125 0.49140625 0.05 0.0734375
31 0.8140625 0.49296875 0.046875 0.0734375
32 0.8703125 0.4984375 0.053125 0.0765625
32 0.93046875 0.5 0.05 0.08125