39 0.0921875 0.52734375 0.0671875 0.109375
35 0.15390625 0.51875 0.05625 0.0984375
35 0.21015625 0.5109375 0.0578125 0.1015625
34 0.26953125 0.50390625 0.059375 0.10625
34 0.32734375 0.49765625 0.0578125 0.1046875
31 0.38828125 0.48671875 0.059375 0.109375
31 0.44609375 0.47890625 0.059375 0.10625
37 0.5046875 0.4703125 0.0609375 0.115625
37 0.56171875 0.4640625 0.0625 0.1109375
32 0.62109375 0.45078125 0.05625 0.09375
32 0.6828125 0.4453125 0.0578125 0.0921875
2 0.74296875 0.4375 0.065625 0.10625
2 0.8046875 0.428125 0.065625 0.1109375
18 0.8640625 0.41875 0.0625 0.1
18 0.92265625 0.4125 0.0640625 0.1