7 0.9328125 0.43046875 0.075 0.1359375
7 0.871875 0.44140625 0.065625 0.1296875
4 0.8125 0.4515625 0.06875 0.128125
4 0.75234375 0.46015625 0.0703125 0.1359375
4 0.6921875 0.46796875 0.071875 0.1359375
2 0.63359375 0.4765625 0.0640625 0.128125
2 0.575 0.48359375 0.0671875 0.1265625
2 0.5171875 0.48984375 0.0640625 0.128125
1 0.46015625 0.49921875 0.0609375 0.128125
1 0.39921875 0.5046875 0.05625 0.1265625
1 0.34453125 0.5140625 0.065625 0.1328125
0 0.2875 0.5265625 0.0640625 0.128125
0 0.23125 0.53515625 0.0625 0.128125
0 0.1765625 0.54375 0.0625 0.1328125
41 0.11875 0.5546875 0.0640625 0.1296875
38 0.0640625 0.5625 0.0625 0.1296875