8 0.840625 0.60390625 0.0875 0.1515625
8 0.7546875 0.596875 0.090625 0.153125
8 0.665625 0.5921875 0.0921875 0.15
7 0.5765625 0.58671875 0.0953125 0.153125
6 0.48984375 0.58125 0.0953125 0.15625
5 0.4015625 0.575 0.0953125 0.15625
5 0.31328125 0.57109375 0.0984375 0.1578125
5 0.22265625 0.56484375 0.0984375 0.1546875
5 0.1328125 0.559375 0.1015625 0.15625
0 0.67265625 0.44140625 0.0921875 0.15
0 0.5859375 0.43515625 0.0921875 0.1515625
4 0.49921875 0.43046875 0.0921875 0.15
3 0.41171875 0.42421875 0.09375 0.15
2 0.32421875 0.4171875 0.096875 0.15