17 0.9546875 0.52421875 0.059375 0.090625
26 0.9015625 0.54296875 0.0640625 0.09375
35 0.84375 0.5515625 0.0546875 0.0921875
31 0.7890625 0.56640625 0.059375 0.0875
37 0.73046875 0.571875 0.0671875 0.0953125
32 0.665625 0.540625 0.053125 0.0859375
32 0.6171875 0.59453125 0.0546875 0.0875
33 0.5625 0.6140625 0.059375 0.0859375
33 0.50703125 0.63125 0.05625 0.0890625
0 0.446875 0.64375 0.059375 0.0921875
0 0.3890625 0.6578125 0.0671875 0.096875
0 0.328125 0.66953125 0.0640625 0.090625
8 0.27109375 0.6859375 0.0671875 0.096875
8 0.20859375 0.69921875 0.0625 0.09375
8 0.15 0.7203125 0.06875 0.1046875
40 0.0875 0.72890625 0.065625 0.1015625