32 0.9453125 0.521875 0.0625 0.109375
32 0.878125 0.52109375 0.05625 0.1015625
25 0.809375 0.521875 0.053125 0.1015625
24 0.74296875 0.52265625 0.0609375 0.109375
23 0.67578125 0.52734375 0.0609375 0.10625
22 0.40234375 0.53046875 0.0671875 0.10625
21 0.3296875 0.53125 0.0609375 0.1078125
20 0.2578125 0.5328125 0.0671875 0.10625
6 0.60625 0.52734375 0.0625 0.109375
6 0.184375 0.53671875 0.0640625 0.1078125
5 0.5390625 0.52734375 0.059375 0.1078125
5 0.11328125 0.5359375 0.0640625 0.1109375
4 0.46953125 0.5296875 0.0640625 0.1109375
4 0.03984375 0.53671875 0.0609375 0.1171875