39 0.0765625 0.6171875 0.0546875 0.1
1 0.140625 0.61640625 0.0546875 0.09375
1 0.20078125 0.61875 0.05625 0.096875
1 0.26015625 0.61796875 0.053125 0.0953125
2 0.31953125 0.61953125 0.05625 0.0984375
4 0.37890625 0.6234375 0.0515625 0.0921875
3 0.43671875 0.628125 0.0546875 0.09375
8 0.49296875 0.628125 0.0546875 0.09375
7 0.5515625 0.62890625 0.0578125 0.0953125
6 0.609375 0.63125 0.05625 0.09375
7 0.66640625 0.63203125 0.0578125 0.090625
6 0.72265625 0.634375 0.0578125 0.0921875
5 0.78203125 0.6375 0.0546875 0.090625
0 0.83828125 0.6375 0.0515625 0.0859375
0 0.89765625 0.640625 0.0578125 0.0921875