32 0.959375 0.496875 0.0734375 0.11875
32 0.89140625 0.50625 0.075 0.11875
37 0.8234375 0.51484375 0.075 0.1203125
34 0.75390625 0.52421875 0.078125 0.1171875
33 0.6828125 0.53359375 0.0765625 0.115625
36 0.6140625 0.5421875 0.071875 0.115625
35 0.54453125 0.55078125 0.071875 0.11875
31 0.47578125 0.55859375 0.075 0.1171875
8 0.40625 0.56796875 0.075 0.11875
0 0.334375 0.57890625 0.0734375 0.115625
26 0.26171875 0.5859375 0.078125 0.11875
18 0.18828125 0.59609375 0.071875 0.115625
17 0.1203125 0.6015625 0.071875 0.115625
9 0.0484375 0.6125 0.0765625 0.11875