9 0.90390625 0.56328125 0.0421875 0.0703125
11 0.846875 0.55390625 0.0421875 0.0765625
15 0.78671875 0.55078125 0.04375 0.0671875
9 0.73671875 0.55234375 0.04375 0.06875
10 0.6671875 0.5421875 0.040625 0.071875
9 0.61171875 0.5421875 0.04375 0.0671875
16 0.534375 0.5328125 0.0421875 0.0765625
13 0.4546875 0.5234375 0.040625 0.075
15 0.38828125 0.528125 0.0390625 0.0703125
10 0.3234375 0.5203125 0.040625 0.0671875
13 0.24765625 0.5171875 0.0390625 0.0625
9 0.17578125 0.5140625 0.0421875 0.0703125
12 0.11484375 0.5078125 0.040625 0.0671875
14 0.05078125 0.50703125 0.0375 0.06875