34 0.92734375 0.4453125 0.078125 0.109375
34 0.8671875 0.45546875 0.075 0.1078125
34 0.809375 0.46953125 0.0765625 0.109375
36 0.7484375 0.4796875 0.0765625 0.109375
36 0.68984375 0.4921875 0.0765625 0.109375
14 0.6296875 0.50234375 0.0765625 0.109375
14 0.5703125 0.51328125 0.0765625 0.109375
14 0.5125 0.5234375 0.075 0.109375
11 0.45390625 0.53515625 0.075 0.109375
10 0.3953125 0.5453125 0.071875 0.1046875
9 0.33671875 0.5578125 0.071875 0.10625
12 0.27734375 0.56796875 0.06875 0.1078125
11 0.21796875 0.58046875 0.06875 0.10625
10 0.159375 0.59296875 0.06875 0.10625
40 0.10078125 0.6 0.06875 0.1046875
29 0.04140625 0.61015625 0.06875 0.10625