17 0.84140625 0.57734375 0.0640625 0.0984375
17 0.7875 0.56640625 0.065625 0.1
17 0.73203125 0.55234375 0.0671875 0.0984375
16 0.6765625 0.54140625 0.06875 0.1
16 0.6203125 0.5296875 0.0703125 0.1015625
16 0.56484375 0.51875 0.071875 0.103125
15 0.509375 0.50546875 0.06875 0.1
14 0.453125 0.49296875 0.06875 0.1015625
12 0.39921875 0.4796875 0.071875 0.1015625
11 0.340625 0.46640625 0.0703125 0.103125
10 0.28359375 0.4546875 0.065625 0.0984375
9 0.22578125 0.44375 0.06875 0.1015625
9 0.1703125 0.43046875 0.065625 0.096875
9 0.1125 0.415625 0.06875 0.1046875