28 0.1140625 0.525 0.0546875 0.0859375
36 0.165625 0.52421875 0.05 0.078125
36 0.21484375 0.52109375 0.046875 0.0765625
36 0.26796875 0.5203125 0.053125 0.078125
36 0.31640625 0.5171875 0.046875 0.0765625
5 0.36640625 0.51484375 0.046875 0.084375
5 0.4171875 0.51015625 0.0453125 0.078125
5 0.46953125 0.50859375 0.046875 0.08125
0 0.51875 0.5046875 0.046875 0.078125
0 0.56640625 0.5 0.05 0.0765625
0 0.61640625 0.49453125 0.0453125 0.078125
0 0.66953125 0.4921875 0.0515625 0.0703125
3 0.72265625 0.49140625 0.05 0.078125
3 0.771875 0.48828125 0.05 0.0765625
3 0.82109375 0.4859375 0.0484375 0.075
4 0.86875 0.47890625 0.05 0.078125
4 0.91875 0.4765625 0.0515625 0.08125