24 0.9046875 0.52578125 0.075 0.0875
24 0.83671875 0.5234375 0.065625 0.0859375
24 0.76875 0.52109375 0.0671875 0.0859375
10 0.70625 0.51875 0.0625 0.09375
10 0.64296875 0.515625 0.0671875 0.090625
10 0.5765625 0.5109375 0.0625 0.0921875
14 0.5125 0.50546875 0.0609375 0.0875
14 0.44609375 0.5 0.0625 0.090625
14 0.37890625 0.4984375 0.059375 0.09375
14 0.3140625 0.48984375 0.0578125 0.090625
12 0.24765625 0.484375 0.0578125 0.0859375
12 0.18125 0.47890625 0.059375 0.0875
12 0.11171875 0.47421875 0.0609375 0.0890625
9 0.65859375 0.390625 0.065625 0.084375
9 0.59609375 0.38671875 0.0625 0.0875