33 0.88359375 0.68671875 0.071875 0.1140625
33 0.82265625 0.67265625 0.0734375 0.1171875
33 0.76171875 0.6609375 0.0765625 0.1140625
31 0.69921875 0.65 0.0765625 0.115625
31 0.63671875 0.6390625 0.0796875 0.1171875
36 0.5734375 0.62734375 0.078125 0.115625
36 0.5109375 0.615625 0.0796875 0.1171875
36 0.44765625 0.6046875 0.08125 0.11875
34 0.3828125 0.59296875 0.08125 0.11875
34 0.31953125 0.58046875 0.084375 0.11875
34 0.25234375 0.5703125 0.084375 0.121875
37 0.18515625 0.5578125 0.0828125 0.1171875
37 0.1203125 0.54453125 0.0796875 0.1203125
37 0.05234375 0.53046875 0.078125 0.121875