28 0.984375 0.753125 0.03125 0.06875
38 0.94375 0.7609375 0.0625 0.075
6 0.83203125 0.76875 0.0546875 0.0734375
6 0.7828125 0.7734375 0.05 0.06875
6 0.73515625 0.7734375 0.0484375 0.065625
6 0.6875 0.78203125 0.0484375 0.06875
8 0.49453125 0.80390625 0.0421875 0.06875
8 0.4484375 0.81015625 0.0453125 0.06875
8 0.4 0.81328125 0.0484375 0.0703125
31 0.63671875 0.7875 0.046875 0.0640625
31 0.58984375 0.7921875 0.04375 0.0671875
31 0.54140625 0.79765625 0.0453125 0.065625
37 0.35 0.81796875 0.0421875 0.0640625
37 0.3015625 0.82265625 0.0453125 0.0625
37 0.253125 0.82578125 0.0484375 0.06875
34 0.20546875 0.8328125 0.0421875 0.06875
34 0.15546875 0.83984375 0.0390625 0.06875