39 0.11640625 0.490625 0.05 0.0609375
38 0.06953125 0.48125 0.05625 0.065625
29 0.16015625 0.49609375 0.0453125 0.0640625
34 0.7296875 0.5734375 0.05 0.0640625
34 0.67109375 0.565625 0.0515625 0.06875
25 0.6171875 0.55859375 0.0515625 0.0671875
25 0.5640625 0.5515625 0.0515625 0.0703125
25 0.50859375 0.54453125 0.0484375 0.071875
0 0.45859375 0.53828125 0.0515625 0.06875
0 0.4078125 0.528125 0.0515625 0.0703125
0 0.35546875 0.5234375 0.0515625 0.0671875
11 0.20625 0.503125 0.046875 0.0640625
11 0.25625 0.50859375 0.0453125 0.06875
11 0.30390625 0.5171875 0.0484375 0.0671875
9 0.78828125 0.58125 0.0578125 0.0703125
9 0.8484375 0.58984375 0.0609375 0.06875
9 0.91015625 0.6015625 0.0578125 0.0671875