41 0.11015625 0.415625 0.04375 0.065625
30 0.15234375 0.41640625 0.0390625 0.065625
21 0.19609375 0.415625 0.0421875 0.0578125
21 0.23984375 0.41796875 0.0390625 0.0671875
21 0.28515625 0.41875 0.040625 0.0703125
4 0.3328125 0.41953125 0.0453125 0.0734375
4 0.38125 0.41875 0.0484375 0.0734375
4 0.4328125 0.41953125 0.0453125 0.06875
26 0.4859375 0.42109375 0.0515625 0.0765625
26 0.54140625 0.421875 0.0546875 0.075
2 0.596875 0.42421875 0.0484375 0.075
2 0.6578125 0.4265625 0.0546875 0.0828125
2 0.7234375 0.42734375 0.0578125 0.0828125
17 0.7859375 0.42890625 0.0578125 0.0828125
17 0.85546875 0.42890625 0.059375 0.0859375
17 0.92421875 0.43203125 0.0640625 0.0890625