28 0.9171875 0.559375 0.0703125 0.0890625
0 0.24765625 0.6921875 0.059375 0.084375
6 0.7484375 0.58671875 0.059375 0.0828125
7 0.6921875 0.59765625 0.0671875 0.0875
8 0.63515625 0.61328125 0.0640625 0.0859375
5 0.471875 0.64609375 0.06875 0.0921875
3 0.5796875 0.62109375 0.059375 0.0859375
3 0.35859375 0.67109375 0.05625 0.0859375
4 0.521875 0.634375 0.059375 0.084375
4 0.3046875 0.684375 0.0625 0.0875
1 0.19140625 0.71015625 0.059375 0.090625
3 0.85703125 0.56796875 0.06875 0.09375
3 0.80078125 0.5796875 0.065625 0.0875
2 0.41328125 0.65703125 0.0640625 0.0921875
2 0.1359375 0.72265625 0.0640625 0.0921875