20 0.890625 0.66328125 0.0828125 0.1015625
20 0.8265625 0.64609375 0.078125 0.0953125
23 0.76171875 0.63203125 0.0765625 0.1046875
23 0.69921875 0.61640625 0.08125 0.1078125
23 0.634375 0.6015625 0.0859375 0.1140625
37 0.56875 0.58359375 0.0859375 0.115625
37 0.50390625 0.56796875 0.08125 0.1078125
37 0.4375 0.55546875 0.0859375 0.115625
32 0.37421875 0.5328125 0.078125 0.096875
32 0.30625 0.5203125 0.0734375 0.1
32 0.23984375 0.50234375 0.0796875 0.10625
36 0.175 0.48515625 0.071875 0.0953125
36 0.10703125 0.46875 0.06875 0.1015625
36 0.03828125 0.45234375 0.071875 0.103125