39 0.0953125 0.4421875 0.0609375 0.10625
35 0.1578125 0.44609375 0.05 0.096875
35 0.21484375 0.45 0.0515625 0.1
34 0.2734375 0.45625 0.0515625 0.103125
34 0.33203125 0.46171875 0.0515625 0.103125
31 0.39375 0.46328125 0.053125 0.1078125
31 0.4515625 0.46875 0.053125 0.103125
37 0.5109375 0.471875 0.053125 0.1140625
37 0.56796875 0.47734375 0.05625 0.1078125
32 0.628125 0.4765625 0.05 0.0921875
32 0.690625 0.484375 0.053125 0.0890625
2 0.75078125 0.4890625 0.0578125 0.103125
2 0.81328125 0.49296875 0.0578125 0.1078125
18 0.87265625 0.49609375 0.05625 0.096875
18 0.93125 0.50234375 0.0578125 0.096875