1 0.0515625 0.55625 0.06875 0.1078125
1 0.11328125 0.56875 0.071875 0.1125
1 0.17890625 0.5765625 0.0671875 0.10625
7 0.2421875 0.5890625 0.0703125 0.10625
7 0.30546875 0.5984375 0.06875 0.10625
7 0.36875 0.609375 0.0671875 0.10625
30 0.43203125 0.621875 0.071875 0.1078125
7 0.49609375 0.63203125 0.06875 0.103125
5 0.55703125 0.64453125 0.06875 0.1078125
6 0.6203125 0.6515625 0.0671875 0.1
4 0.68125 0.665625 0.0734375 0.103125
3 0.74140625 0.67265625 0.0703125 0.1046875
33 0.80546875 0.68359375 0.065625 0.1015625
33 0.86484375 0.69296875 0.0625 0.09375
31 0.60489021875 0.17816345312499998 0.6092000203125 0.17900119375 0.65864944375 0.1422489484375 0.6231103359375 0.0591026359375 0.573914475 0.09795286875 0.60489021875 0.17816345312499998
35 0.7837732609375 0.1374146484375 0.7856555609375 0.127731053125 0.7164712671875 0.09991759375 0.6990125 0.1658206484375 0.766295496875 0.1950258171875 0.7837732609375 0.1374146484375
35 0.6647705171875 0.1356836796875 0.6669871265625 0.1361145453125 0.713104228125 0.0997232578125 0.713268759375 0.0988768125 0.680403178125 0.025708478125 0.6803473453125 0.025697625 0.631388646875 0.058197765624999995 0.6647705171875 0.1356836796875