12 0.090625 0.58046875 0.0609375 0.0796875
13 0.1546875 0.56640625 0.0609375 0.078125
14 0.215625 0.5640625 0.0578125 0.08125
12 0.278125 0.55078125 0.05625 0.0796875
13 0.3375 0.540625 0.0578125 0.0828125
14 0.39609375 0.52890625 0.0578125 0.0828125
14 0.45078125 0.51640625 0.0515625 0.078125
16 0.50703125 0.5046875 0.0546875 0.08125
15 0.56015625 0.49140625 0.0609375 0.078125
15 0.6109375 0.47890625 0.053125 0.075
16 0.6640625 0.4671875 0.0578125 0.0765625
17 0.715625 0.45625 0.0609375 0.078125
10 0.76796875 0.4453125 0.059375 0.078125
10 0.82109375 0.440625 0.0609375 0.078125