8 0.88671875 0.596875 0.09375 0.1546875
8 0.79375 0.590625 0.0921875 0.1578125
8 0.70234375 0.58515625 0.0953125 0.15625
8 0.60859375 0.57890625 0.0953125 0.1578125
7 0.515625 0.5734375 0.1 0.1625
6 0.42265625 0.56640625 0.0984375 0.1609375
5 0.328125 0.56171875 0.0984375 0.1640625
4 0.2328125 0.5546875 0.1 0.1640625
3 0.13671875 0.54921875 0.103125 0.1625
5 0.709375 0.4234375 0.0953125 0.1578125
4 0.61640625 0.41796875 0.1 0.15625
3 0.5234375 0.41015625 0.0953125 0.1578125
1 0.43125 0.403125 0.0953125 0.159375
1 0.33828125 0.396875 0.1015625 0.159375