27 0.10234375 0.58046875 0.053125 0.084375
40 0.15078125 0.58046875 0.0515625 0.084375
29 0.20078125 0.57421875 0.05 0.0796875
25 0.24921875 0.56875 0.0453125 0.075
25 0.30234375 0.5640625 0.0453125 0.078125
25 0.35234375 0.56015625 0.0484375 0.078125
19 0.40390625 0.55625 0.0453125 0.0734375
19 0.45390625 0.5515625 0.0453125 0.0765625
19 0.50546875 0.54921875 0.04375 0.0734375
35 0.5546875 0.5421875 0.046875 0.071875
35 0.60546875 0.5359375 0.0453125 0.06875
35 0.6546875 0.53203125 0.04375 0.06875
31 0.70703125 0.5265625 0.0484375 0.0734375
31 0.75859375 0.521875 0.0515625 0.0734375
31 0.8109375 0.515625 0.0515625 0.071875
33 0.86015625 0.51171875 0.0484375 0.065625
33 0.9171875 0.50546875 0.0453125 0.065625