17 0.8421875 0.42578125 0.065625 0.0984375
17 0.7890625 0.4390625 0.0671875 0.1
17 0.73203125 0.45 0.06875 0.1
16 0.67734375 0.46328125 0.06875 0.1015625
16 0.62109375 0.47578125 0.071875 0.1015625
16 0.56640625 0.48984375 0.0734375 0.103125
15 0.5109375 0.50078125 0.0703125 0.1
14 0.4546875 0.51328125 0.0703125 0.1015625
12 0.4 0.52421875 0.071875 0.1015625
11 0.340625 0.53671875 0.071875 0.103125
10 0.284375 0.55078125 0.0671875 0.0984375
9 0.228125 0.5640625 0.0703125 0.103125
9 0.171875 0.5765625 0.0671875 0.096875
9 0.11328125 0.5875 0.0703125 0.10625