14 0.91796875 0.60625 0.0671875 0.1078125
15 0.84921875 0.60078125 0.0609375 0.1046875
16 0.784375 0.6015625 0.075 0.1125
17 0.7140625 0.5953125 0.06875 0.109375
13 0.64765625 0.5890625 0.06875 0.1109375
14 0.575 0.58671875 0.0765625 0.11875
15 0.50625 0.57734375 0.0703125 0.1125
10 0.43828125 0.5734375 0.0703125 0.1109375
11 0.36953125 0.5578125 0.0765625 0.1140625
12 0.296875 0.565625 0.075 0.1171875
15 0.225 0.55234375 0.071875 0.1234375
16 0.1515625 0.55625 0.0765625 0.1125
17 0.0765625 0.5453125 0.0703125 0.115625
29 0.025 0.53984375 0.05 0.1140625