25 0.9140625 0.715625 0.06875 0.1140625
24 0.8453125 0.71015625 0.075 0.115625
23 0.77578125 0.69296875 0.071875 0.1171875
34 0.70546875 0.68828125 0.0734375 0.11875
34 0.6359375 0.68515625 0.075 0.1171875
34 0.56875 0.67890625 0.075 0.115625
26 0.5015625 0.66796875 0.0734375 0.115625
25 0.43671875 0.6625 0.0734375 0.1140625
24 0.36953125 0.653125 0.0734375 0.1171875
21 0.303125 0.646875 0.0765625 0.1171875
21 0.2375 0.63828125 0.0734375 0.1109375
20 0.17109375 0.63203125 0.0765625 0.1125
19 0.1046875 0.625 0.075 0.115625
18 0.0390625 0.6171875 0.0671875 0.115625