29 0.13203125 0.39609375 0.0546875 0.0875
9 0.1828125 0.40390625 0.0546875 0.0921875
10 0.2328125 0.4078125 0.0484375 0.0859375
11 0.2828125 0.41328125 0.053125 0.0875
15 0.3359375 0.41953125 0.0484375 0.0796875
16 0.38671875 0.425 0.0546875 0.0828125
17 0.4390625 0.42890625 0.0515625 0.0828125
12 0.4890625 0.4328125 0.053125 0.0828125
12 0.540625 0.4390625 0.0546875 0.084375
14 0.5921875 0.44453125 0.0546875 0.084375
14 0.64453125 0.44921875 0.053125 0.0828125
14 0.69765625 0.45390625 0.059375 0.0875
33 0.75 0.459375 0.05625 0.08125
33 0.8015625 0.4640625 0.059375 0.0859375
33 0.85546875 0.46953125 0.0546875 0.0828125