0 0.8890625 0.6078125 0.0640625 0.09375
0 0.825 0.60625 0.0578125 0.09375
0 0.76328125 0.6078125 0.0609375 0.09375
14 0.70234375 0.609375 0.0578125 0.096875
14 0.64140625 0.61015625 0.0578125 0.0984375
13 0.57734375 0.60546875 0.0578125 0.0875
13 0.51640625 0.60703125 0.0578125 0.0953125
13 0.45234375 0.60625 0.0546875 0.0953125
24 0.39140625 0.60859375 0.0546875 0.0953125
24 0.33125 0.60625 0.05625 0.0984375
24 0.26953125 0.6078125 0.053125 0.1
16 0.209375 0.60859375 0.0546875 0.0875
16 0.14453125 0.6078125 0.05 0.0921875
16 0.08359375 0.60703125 0.053125 0.096875