37 0.93359375 0.559375 0.075 0.1140625
37 0.86875 0.54921875 0.071875 0.1140625
37 0.80546875 0.540625 0.0734375 0.1171875
7 0.73984375 0.52890625 0.071875 0.1125
7 0.6734375 0.51953125 0.0765625 0.1171875
7 0.60625 0.51171875 0.0703125 0.1125
4 0.5421875 0.5 0.0734375 0.1109375
3 0.47578125 0.48984375 0.0765625 0.1109375
2 0.4078125 0.4796875 0.0734375 0.1109375
1 0.34296875 0.46875 0.0734375 0.1109375
1 0.271875 0.459375 0.0734375 0.1078125
1 0.20546875 0.45 0.075 0.1109375
0 0.13671875 0.43828125 0.078125 0.1171875
0 0.0640625 0.4265625 0.0703125 0.1078125