0 0.89453125 0.5875 0.059375 0.090625
0 0.83046875 0.5890625 0.053125 0.090625
0 0.76875 0.59375 0.05625 0.090625
14 0.7078125 0.5984375 0.053125 0.09375
14 0.646875 0.60234375 0.053125 0.0953125
13 0.5828125 0.6015625 0.053125 0.084375
13 0.521875 0.60625 0.053125 0.09375
13 0.4578125 0.60859375 0.05 0.0921875
24 0.396875 0.6140625 0.05 0.09375
24 0.33671875 0.61484375 0.0515625 0.0953125
24 0.27578125 0.61953125 0.0484375 0.096875
16 0.215625 0.6234375 0.05 0.084375
16 0.15078125 0.6265625 0.0453125 0.090625
16 0.08984375 0.62890625 0.0484375 0.09375