32 0.9827863953125 0.45003544062499995 0.9833394234374999 0.44212676562500003 0.9049831375 0.4388058609375 0.8827357234375001 0.562120665625 0.9559367671875 0.56909175625 0.9827863953125 0.45003544062499995
34 0.900796 0.45778627343749995 0.9021858453125 0.4379105640625 0.8280032875 0.43309564062500006 0.8101717031250001 0.5561632750000001 0.8824614640625 0.5625261187499999 0.900796 0.45778627343749995
36 0.8268419765624999 0.4402090515625 0.8272604781249999 0.43422420625 0.748722134375 0.43030078437499997 0.736026915625 0.5525298656250001 0.8082958390625 0.5575834015625001 0.8268419765624999 0.4402090515625
35 0.7331705921875 0.55859539375 0.7419552234375 0.4893797375 0.7460962359375001 0.43016048281249997 0.6701093109375 0.425558378125 0.656627096875 0.552983521875 0.684363234375 0.5551824515625 0.7331705921875 0.55859539375
26 0.66919945 0.43226738906250006 0.669671825 0.42551209375 0.5934241499999999 0.420582603125 0.584063321875 0.5434698515624999 0.6576234984375 0.5486136796875 0.66919945 0.43226738906250006
23 0.5884356140625 0.42247759531250006 0.5156034578125 0.41719838124999997 0.50754394375 0.5414825140625 0.579701984375 0.54737431875 0.5884356140625 0.42247759531250006
22 0.50343535 0.5404696359375001 0.5120611234375 0.4171153171875 0.4385366265625 0.412390234375 0.4339044546875 0.5361023515625 0.48231670312499997 0.5394876656250001 0.50343535 0.5404696359375001
21 0.381070603125 0.5324078484375 0.42865023593749996 0.5347775453125 0.43693524375 0.41629641875 0.43710570468750004 0.4127780890625 0.36009119843750004 0.40801471093749997 0.35647141250000003 0.53068770625 0.381070603125 0.5324078484375
19 0.3567099546875 0.5307043859375 0.35993819375 0.40601885156249995 0.2820808125 0.40121477812500006 0.28271475156250003 0.5255301375 0.3567099546875 0.5307043859375
15 0.2773333328125 0.52515383125 0.2789525703125 0.5252158625 0.28072865625 0.49981663593750003 0.280751221875 0.40096427500000004 0.20460319999999999 0.39538885156250003 0.2071045890625 0.520242959375 0.2773333328125 0.52515383125
7 0.13131440781249998 0.5159044296874999 0.14751376875 0.5176422796875 0.205581403125 0.5217027640625 0.20604883749999997 0.5150181328125 0.203743725 0.395989303125 0.12552228125 0.3918774890625 0.13131440781249998 0.5159044296874999
15 0.050366509375 0.5171143421875 0.1194172640625 0.5219428421875 0.11984926874999999 0.5157648828125 0.1136159734375 0.3951406 0.03804636875 0.391818015625 0.050366509375 0.5171143421875