2 0.61640625 0.5359375 0.071875 0.0921875
2 0.45078125 0.4984375 0.071875 0.09375
1 0.56015625 0.52265625 0.0671875 0.090625
1 0.3953125 0.48671875 0.0703125 0.096875
0 0.50625 0.5109375 0.0703125 0.096875
0 0.33828125 0.475 0.071875 0.0984375
8 0.784375 0.571875 0.078125 0.0984375
8 0.28359375 0.46015625 0.0703125 0.0953125
7 0.7296875 0.55859375 0.0703125 0.0921875
7 0.22734375 0.4484375 0.0640625 0.0953125
6 0.8953125 0.596875 0.065625 0.0921875
6 0.84296875 0.584375 0.0609375 0.090625
6 0.67265625 0.546875 0.06875 0.0921875
6 0.17265625 0.43671875 0.075 0.1015625
40 0.11640625 0.4234375 0.06875 0.096875