31 0.89375 0.7984375 0.0671875 0.0984375
31 0.8390625 0.78671875 0.0671875 0.0984375
15 0.78515625 0.77265625 0.0734375 0.1
14 0.7296875 0.75703125 0.06875 0.096875
13 0.6765625 0.74375 0.065625 0.0953125
12 0.6234375 0.73046875 0.06875 0.096875
11 0.571875 0.715625 0.0703125 0.1
10 0.51796875 0.70546875 0.0703125 0.1
17 0.46640625 0.69296875 0.0703125 0.1
16 0.41484375 0.678125 0.0703125 0.1
15 0.3625 0.6671875 0.0703125 0.096875
14 0.31171875 0.6546875 0.0703125 0.1
13 0.2609375 0.64296875 0.06875 0.096875
12 0.209375 0.63203125 0.0703125 0.1
41 0.15703125 0.61953125 0.071875 0.0984375
40 0.10625 0.60625 0.0703125 0.1
39 0.05546875 0.59609375 0.0703125 0.0984375
38 0.01875 0.58125 0.0375 0.09375