27 0.1 0.58671875 0.0703125 0.1
26 0.16171875 0.5734375 0.0765625 0.0984375
26 0.2203125 0.55703125 0.0734375 0.0984375
20 0.2796875 0.54375 0.0671875 0.09375
20 0.3375 0.52734375 0.0671875 0.084375
33 0.39765625 0.5109375 0.0625 0.0859375
33 0.45546875 0.49453125 0.065625 0.08125
34 0.5109375 0.47890625 0.059375 0.0796875
34 0.56796875 0.46328125 0.0609375 0.0828125
35 0.628125 0.446875 0.059375 0.078125
35 0.684375 0.43203125 0.0578125 0.08125
31 0.73984375 0.41796875 0.0625 0.08125
31 0.7984375 0.4015625 0.059375 0.0796875
32 0.853125 0.38984375 0.065625 0.0828125
32 0.91171875 0.37421875 0.0640625 0.0890625