17 0.87421875 0.66953125 0.0703125 0.1125
16 0.815625 0.6609375 0.0703125 0.1078125
17 0.69453125 0.64375 0.0734375 0.1109375
16 0.63359375 0.634375 0.071875 0.109375
15 0.75625 0.6515625 0.06875 0.1109375
15 0.57421875 0.62578125 0.0765625 0.1109375
13 0.51328125 0.61484375 0.071875 0.109375
13 0.45390625 0.60703125 0.0734375 0.1109375
12 0.39375 0.59765625 0.075 0.1125
12 0.33203125 0.58984375 0.075 0.115625
12 0.27109375 0.58046875 0.078125 0.1109375
11 0.21015625 0.571875 0.075 0.1125
10 0.146875 0.56328125 0.08125 0.1125
9 0.08515625 0.553125 0.0734375 0.1078125