21 0.92265625 0.6171875 0.075 0.0921875
20 0.85390625 0.59921875 0.0796875 0.0984375
19 0.78984375 0.5953125 0.0765625 0.0984375
21 0.721875 0.578125 0.0734375 0.0984375
20 0.6578125 0.57109375 0.0765625 0.096875
19 0.590625 0.56171875 0.0734375 0.0984375
24 0.52734375 0.55234375 0.0734375 0.1
25 0.46484375 0.5453125 0.0703125 0.1
26 0.396875 0.534375 0.0734375 0.096875
31 0.33046875 0.525 0.0765625 0.1015625
31 0.26328125 0.51328125 0.075 0.0984375
34 0.196875 0.50546875 0.0671875 0.096875
34 0.12734375 0.49453125 0.06875 0.0984375
34 0.0609375 0.48125 0.0671875 0.1