18 0.90234375 0.49296875 0.0734375 0.0859375
18 0.83671875 0.48046875 0.0765625 0.0890625
19 0.775 0.46171875 0.0671875 0.0859375
20 0.71640625 0.4484375 0.071875 0.0890625
21 0.65703125 0.43515625 0.0640625 0.0828125
20 0.59765625 0.428125 0.065625 0.084375
20 0.5375 0.40625 0.0625 0.084375
20 0.4796875 0.3984375 0.0671875 0.08125
23 0.41875 0.384375 0.0625 0.0890625
24 0.36015625 0.3734375 0.0671875 0.0890625
25 0.296875 0.35703125 0.0546875 0.0796875
23 0.240625 0.35078125 0.0609375 0.0859375
24 0.18046875 0.3375 0.0640625 0.0859375
25 0.12109375 0.32421875 0.0578125 0.08125