7 0.324448159375 0.396877921875 0.3429558890625 0.3491044640625 0.3434655484375 0.3418159859375 0.2807660140625 0.3337542703125 0.2549575828125 0.39153513906250004 0.2674461640625 0.3928919546875 0.324448159375 0.396877921875
6 0.251257740625 0.3854946875 0.27340971875000003 0.3356900765625 0.2738008 0.33009734687500003 0.21231746093749998 0.3243609 0.1866515984375 0.3767639171875 0.230171546875 0.384020196875 0.251257740625 0.3854946875
5 0.20357475468750003 0.3264056109375 0.203973459375 0.3207038734375 0.165295325 0.3168309921875 0.1443386484375 0.3153655578125 0.116922059375 0.36667148437499997 0.1710471234375 0.37518686875 0.1798486109375 0.375802328125 0.20357475468750003 0.3264056109375
1 0.310627996875 0.46952835000000004 0.3324930828125 0.40913214531250003 0.3325294015625 0.40861274999999997 0.2656482625 0.40051826874999996 0.23826298281249997 0.4614784796875 0.2748710671875 0.46702798124999995 0.310627996875 0.46952835000000004
1 0.23526751875000002 0.4532944234375 0.25784736875 0.40144655625 0.2584419046875 0.39294430937499997 0.1951305859375 0.385665409375 0.16214044218749998 0.44757226406250006 0.1763664078125 0.44917565625 0.23526751875000002 0.4532944234375
1 0.1848685484375 0.3923226390625 0.18530607187499998 0.38606577343750004 0.12153019375 0.378733465625 0.0859525734375 0.4397206734375 0.1590704421875 0.4448335734375 0.1848685484375 0.3923226390625
3 0.288148640625 0.5525374750000001 0.31139131249999996 0.48690797343750003 0.3117824765625 0.4813140734375 0.240316165625 0.47190769218749995 0.2083467078125 0.54182040625 0.27604158125 0.5516908671875 0.288148640625 0.5525374750000001
3 0.2005713015625 0.53231663125 0.2331179265625 0.463902459375 0.23330906875 0.46116899062499994 0.16092426875000002 0.45305293593749996 0.125176003125 0.5230578078125 0.19076860625 0.5316311609375 0.2005713015625 0.53231663125
3 0.151864990625 0.46110711249999997 0.15237143125 0.45386468124999996 0.082010225 0.445975559375 0.0419735296875 0.5169873046875 0.1195421140625 0.5233283859375 0.151864990625 0.46110711249999997
41 0.15895305937499998 0.538937853125 0.1593720890625 0.5329454546875 0.08148791250000001 0.526374165625 0.0436775859375 0.6121918515625 0.12876487187500002 0.618141734375 0.15895305937499998 0.538937853125
30 0.2141148875 0.6429057734375 0.25464120625 0.5592935921875 0.25480917812500004 0.5568914953124999 0.1767366546875 0.54080990625 0.12761354062500002 0.628770309375 0.194571740625 0.641539184375 0.2141148875 0.6429057734375
6 0.9842689484375 0.451233290625 0.9658832796875 0.39112435 0.91401381875 0.386415959375 0.8954367124999999 0.385116921875 0.909803590625 0.44880486875000003 0.9612681468750001 0.45393923750000004 0.9839687296875 0.4555266171875 0.9842689484375 0.451233290625
5 0.8328672750000001 0.44087699531249996 0.889242996875 0.4457701171875 0.906252028125 0.4469595046875 0.9065291921874999 0.44299586093750004 0.8938804421875 0.383953984375 0.822436134375 0.37707219531249997 0.8328672750000001 0.44087699531249996
4 0.7526363671875 0.4377839671875 0.8297670359374999 0.44317746874999997 0.8297746578125 0.44306845937499995 0.820227790625 0.38265251875 0.7489143671875 0.3759861640625 0.7526363671875 0.4377839671875
35 0.676528471875 0.42306409218749996 0.7493689234375001 0.42815759218749994 0.7501601265625 0.4168428546875 0.7465475609375 0.3693789609375 0.6777085828125 0.3630919 0.676528471875 0.42306409218749996
35 0.6726766234375 0.42734018437500004 0.6760422078125 0.3792101 0.676296884375 0.36414234687499997 0.6068674390625 0.3590899421875 0.6017176015625 0.41970712812500005 0.6726766234375 0.42734018437500004