28 0.09765625 0.43046875 0.0671875 0.071875
39 0.14765625 0.44453125 0.0609375 0.0703125
8 0.1953125 0.45625 0.0609375 0.0734375
8 0.2421875 0.47109375 0.059375 0.075
8 0.28984375 0.484375 0.0578125 0.0765625
7 0.33984375 0.4953125 0.059375 0.0765625
7 0.3890625 0.51015625 0.05625 0.071875
7 0.4375 0.5203125 0.05625 0.0734375
7 0.4859375 0.53359375 0.0578125 0.071875
6 0.53515625 0.54609375 0.0578125 0.0671875
6 0.58515625 0.55625 0.0609375 0.071875
6 0.63203125 0.56875 0.0609375 0.071875
5 0.78203125 0.6078125 0.0640625 0.0734375
5 0.73046875 0.59609375 0.0640625 0.0734375
5 0.68046875 0.58203125 0.0625 0.075
11 0.8328125 0.62578125 0.0671875 0.0765625
11 0.88671875 0.64140625 0.0703125 0.078125