27 0.07265625 0.55078125 0.0515625 0.090625
39 0.12578125 0.55078125 0.0515625 0.090625
40 0.178125 0.5515625 0.0484375 0.0875
18 0.23046875 0.54921875 0.0546875 0.090625
19 0.284375 0.55 0.053125 0.0921875
20 0.3390625 0.55078125 0.053125 0.0875
24 0.39296875 0.54609375 0.0546875 0.090625
25 0.44765625 0.54609375 0.0546875 0.0921875
26 0.50234375 0.54375 0.0546875 0.0890625
21 0.55859375 0.54375 0.0546875 0.0890625
22 0.61484375 0.54296875 0.0546875 0.0921875
23 0.66953125 0.540625 0.0546875 0.0921875
20 0.72734375 0.54140625 0.0546875 0.0921875
20 0.784375 0.540625 0.0546875 0.0953125
20 0.840625 0.5375 0.05625 0.0921875
18 0.8984375 0.5375 0.059375 0.096875
18 0.9578125 0.5359375 0.0546875 0.0953125