14 0.89453125 0.734375 0.0609375 0.096875
14 0.83828125 0.72890625 0.059375 0.0953125
14 0.78203125 0.72265625 0.0578125 0.0921875
29 0.7234375 0.715625 0.059375 0.0953125
32 0.6671875 0.7109375 0.0625 0.0953125
32 0.61015625 0.7078125 0.0609375 0.0984375
32 0.5546875 0.70234375 0.0578125 0.0953125
15 0.49765625 0.69609375 0.0609375 0.0953125
15 0.44140625 0.69140625 0.059375 0.1
15 0.38515625 0.68828125 0.059375 0.096875
16 0.32890625 0.6828125 0.0609375 0.0921875
16 0.271875 0.675 0.05625 0.0953125
16 0.215625 0.671875 0.0578125 0.09375
16 0.16015625 0.6671875 0.05625 0.09375
9 0.10234375 0.6609375 0.05625 0.09375
9 0.0453125 0.65703125 0.0546875 0.0921875