20 0.4234375 0.4671875 0.06875 0.1
19 0.36171875 0.45703125 0.0625 0.0921875
18 0.2984375 0.44765625 0.06875 0.09375
31 0.1125 0.42578125 0.0609375 0.1015625
31 0.17890625 0.43203125 0.065625 0.0953125
31 0.23671875 0.43984375 0.0609375 0.0921875
37 0.484375 0.48046875 0.0703125 0.10625
37 0.54296875 0.48203125 0.06875 0.0984375
37 0.60546875 0.4953125 0.0703125 0.1
22 0.66796875 0.50234375 0.0703125 0.0984375
22 0.73203125 0.51796875 0.0609375 0.0890625
22 0.790625 0.51484375 0.0640625 0.0890625
24 0.85390625 0.5234375 0.06875 0.0953125
24 0.91328125 0.5375 0.06875 0.1