25 0.8890625 0.4328125 0.075 0.0828125
24 0.81484375 0.43984375 0.078125 0.084375
23 0.74140625 0.44765625 0.065625 0.0859375
20 0.67265625 0.4546875 0.0765625 0.0921875
19 0.59609375 0.459375 0.0640625 0.084375
18 0.52578125 0.4609375 0.065625 0.08125
19 0.45 0.4703125 0.05625 0.075
19 0.38125 0.4765625 0.059375 0.0796875
26 0.65234375 0.33125 0.0671875 0.0734375
25 0.584375 0.3390625 0.059375 0.0796875
24 0.5203125 0.34609375 0.0671875 0.0828125
37 0.4515625 0.34921875 0.0609375 0.0765625
37 0.38515625 0.353125 0.059375 0.0796875
37 0.32109375 0.3578125 0.05625 0.078125
40 0.25390625 0.3671875 0.0671875 0.084375
39 0.1875 0.3734375 0.065625 0.0796875