15 0.7359375 0.62734375 0.096875 0.15625
14 0.64765625 0.621875 0.096875 0.15625
11 0.48046875 0.45546875 0.0953125 0.1546875
16 0.8234375 0.63125 0.09375 0.1515625
16 0.5578125 0.6140625 0.096875 0.15625
15 0.46875 0.60859375 0.096875 0.1578125
14 0.38046875 0.60390625 0.096875 0.1578125
14 0.2921875 0.5984375 0.1 0.159375
13 0.2015625 0.59140625 0.1 0.1578125
12 0.11171875 0.5828125 0.0984375 0.1546875
10 0.65703125 0.46796875 0.0984375 0.1578125
10 0.56796875 0.46015625 0.0953125 0.1546875
10 0.39296875 0.45 0.0984375 0.15625
9 0.303125 0.44296875 0.0984375 0.1578125