33 0.92890625 0.46484375 0.078125 0.1671875
33 0.86484375 0.471875 0.075 0.1671875
33 0.79921875 0.47890625 0.0765625 0.16875
36 0.73515625 0.4828125 0.0765625 0.1703125
36 0.671875 0.48984375 0.078125 0.1640625
36 0.60703125 0.4953125 0.0734375 0.1625
35 0.54375 0.50078125 0.078125 0.1640625
35 0.48125 0.50625 0.0734375 0.1625
35 0.41875 0.51171875 0.0734375 0.1609375
31 0.35546875 0.51796875 0.071875 0.1609375
31 0.29375 0.52578125 0.0703125 0.1625
37 0.23046875 0.52890625 0.065625 0.15625
37 0.1671875 0.5359375 0.06875 0.159375
37 0.10546875 0.53828125 0.06875 0.1515625