36 0.9375 0.57265625 0.0625 0.09375
36 0.88515625 0.565625 0.059375 0.0953125
31 0.8328125 0.56015625 0.0625 0.0921875
31 0.78046875 0.55078125 0.0609375 0.090625
31 0.728125 0.54296875 0.0609375 0.090625
16 0.67578125 0.5375 0.0625 0.09375
16 0.6234375 0.52578125 0.0640625 0.09375
16 0.56953125 0.52109375 0.065625 0.096875
9 0.5171875 0.51484375 0.0609375 0.09375
9 0.46328125 0.5078125 0.0640625 0.096875
9 0.41015625 0.4984375 0.0640625 0.096875
10 0.35625 0.49140625 0.065625 0.0953125
10 0.3015625 0.484375 0.0640625 0.0953125
10 0.24609375 0.47578125 0.065625 0.0921875
40 0.1890625 0.46953125 0.0640625 0.090625
29 0.1328125 0.46015625 0.065625 0.0953125
27 0.078125 0.4515625 0.059375 0.096875