26 0.859375 0.6671875 0.0671875 0.10625
26 0.8 0.65859375 0.0703125 0.1078125
26 0.7421875 0.6515625 0.0703125 0.1078125
25 0.68046875 0.64375 0.0734375 0.109375
24 0.61953125 0.634375 0.071875 0.109375
22 0.55859375 0.625 0.071875 0.1109375
22 0.49921875 0.61640625 0.0703125 0.109375
22 0.43984375 0.609375 0.0734375 0.1125
21 0.37890625 0.60078125 0.0765625 0.1140625
20 0.3171875 0.590625 0.0765625 0.1125
19 0.25546875 0.5828125 0.0765625 0.1078125
20 0.1953125 0.5765625 0.075 0.1125
19 0.13125 0.565625 0.0765625 0.1125
18 0.06796875 0.55625 0.0734375 0.1125