26 0.9515625 0.4421875 0.0703125 0.096875
25 0.890625 0.453125 0.0640625 0.096875
24 0.8328125 0.4609375 0.0671875 0.09375
23 0.77734375 0.4671875 0.0609375 0.090625
22 0.71953125 0.4734375 0.0671875 0.0953125
21 0.6625 0.48515625 0.065625 0.0921875
19 0.575 0.4953125 0.0640625 0.0953125
19 0.5171875 0.5046875 0.0578125 0.0953125
24 0.3984375 0.5265625 0.065625 0.0953125
23 0.3421875 0.5359375 0.0671875 0.0953125
22 0.28046875 0.540625 0.065625 0.090625
31 0.159375 0.5625 0.0609375 0.0859375
31 0.10078125 0.57421875 0.065625 0.0921875
31 0.040625 0.58125 0.0609375 0.0890625