26 0.225 0.48046875 0.0640625 0.0765625
26 0.27421875 0.49296875 0.059375 0.0671875
26 0.32421875 0.5046875 0.0640625 0.0703125
20 0.3765625 0.51796875 0.05 0.0640625
20 0.4265625 0.528125 0.05625 0.0671875
20 0.47734375 0.5390625 0.05 0.0671875
1 0.53046875 0.5515625 0.05 0.0640625
1 0.5828125 0.5625 0.04375 0.0625
1 0.6375 0.5765625 0.0484375 0.0671875
10 0.69609375 0.590625 0.053125 0.0671875
10 0.7515625 0.603125 0.05625 0.0640625
10 0.8078125 0.6171875 0.059375 0.0671875
31 0.87265625 0.63125 0.0578125 0.0671875
31 0.9296875 0.646875 0.0671875 0.071875