30 0.06484375 0.53046875 0.0609375 0.0875
28 0.12109375 0.5375 0.05 0.075
39 0.1671875 0.5453125 0.05 0.0765625
38 0.2140625 0.54921875 0.05625 0.0765625
14 0.26015625 0.55859375 0.046875 0.071875
14 0.30625 0.56484375 0.05 0.0734375
14 0.35390625 0.5703125 0.0515625 0.071875
14 0.39921875 0.57578125 0.0484375 0.0703125
35 0.57890625 0.59765625 0.0515625 0.0734375
35 0.62578125 0.60390625 0.053125 0.071875
35 0.671875 0.609375 0.046875 0.0671875
21 0.53203125 0.59375 0.046875 0.065625
21 0.4890625 0.58828125 0.0421875 0.0671875
21 0.44296875 0.5796875 0.0453125 0.0640625
26 0.715625 0.6140625 0.0515625 0.0703125
26 0.7625 0.6203125 0.05 0.0703125
34 0.8078125 0.62734375 0.0453125 0.06875
34 0.8515625 0.63125 0.046875 0.0703125
34 0.896875 0.63671875 0.04375 0.0671875