25 0.9390625 0.4703125 0.0609375 0.10625
25 0.87265625 0.47578125 0.0640625 0.10625
25 0.80625 0.4890625 0.065625 0.109375
24 0.7421875 0.49453125 0.06875 0.1109375
23 0.675 0.503125 0.0734375 0.1109375
22 0.6078125 0.51171875 0.0703125 0.1109375
22 0.540625 0.51875 0.071875 0.1109375
22 0.47421875 0.52890625 0.06875 0.1125
21 0.4046875 0.53515625 0.0734375 0.115625
20 0.33359375 0.5421875 0.0765625 0.1171875
20 0.19375 0.5578125 0.0765625 0.1171875
19 0.2640625 0.55 0.075 0.115625
19 0.12109375 0.56484375 0.075 0.115625
18 0.05078125 0.575 0.0734375 0.1109375