21 0.88203125 0.46953125 0.0578125 0.0765625
21 0.8265625 0.484375 0.053125 0.071875
21 0.765625 0.50234375 0.053125 0.071875
18 0.70390625 0.5171875 0.0625 0.08125
18 0.64453125 0.52890625 0.0625 0.0828125
22 0.58515625 0.54453125 0.0625 0.08125
22 0.52421875 0.55859375 0.059375 0.0796875
20 0.46171875 0.575 0.0703125 0.0921875
25 0.33828125 0.61484375 0.06875 0.0984375
24 0.40234375 0.58984375 0.065625 0.0890625
24 0.27109375 0.62734375 0.0671875 0.0953125
24 0.20625 0.646875 0.0640625 0.0984375
24 0.1453125 0.66015625 0.06875 0.1