14 0.88046875 0.6546875 0.05625 0.084375
23 0.821875 0.64765625 0.05625 0.0734375
23 0.7625 0.64140625 0.0578125 0.0875
23 0.70390625 0.6328125 0.0515625 0.084375
23 0.64296875 0.625 0.0578125 0.09375
33 0.58515625 0.61171875 0.059375 0.096875
35 0.52578125 0.60078125 0.0625 0.1
32 0.46484375 0.59375 0.065625 0.1015625
31 0.40625 0.5875 0.075 0.1078125
31 0.34453125 0.58671875 0.075 0.1078125
31 0.28515625 0.57890625 0.06875 0.0984375
36 0.2203125 0.5765625 0.0546875 0.078125
36 0.1578125 0.56875 0.0515625 0.0609375
36 0.0984375 0.559375 0.0484375 0.06875
41 0.03671875 0.546875 0.0734375 0.1