11 0.878125 0.43046875 0.0625 0.13125
11 0.821875 0.4375 0.0609375 0.134375
12 0.76796875 0.44296875 0.0625 0.134375
13 0.71328125 0.45078125 0.0640625 0.134375
14 0.6609375 0.4578125 0.065625 0.134375
15 0.6078125 0.4625 0.065625 0.13125
16 0.55625 0.4671875 0.0640625 0.134375
17 0.50390625 0.475 0.0640625 0.134375
32 0.453125 0.48046875 0.065625 0.1328125
32 0.403125 0.4859375 0.0609375 0.13125
32 0.35234375 0.490625 0.065625 0.128125
35 0.30078125 0.4953125 0.0625 0.128125
35 0.2515625 0.50078125 0.059375 0.1328125
35 0.20078125 0.5078125 0.0609375 0.13125
29 0.1515625 0.5140625 0.05625 0.128125
41 0.103125 0.51796875 0.0609375 0.128125
40 0.05703125 0.521875 0.0546875 0.128125