28 0.1375 0.62578125 0.0609375 0.0921875
22 0.1921875 0.61484375 0.0609375 0.0828125
23 0.24375 0.603125 0.053125 0.084375
24 0.29453125 0.59296875 0.0625 0.0875
19 0.3484375 0.5796875 0.0546875 0.0828125
20 0.3984375 0.56640625 0.0609375 0.084375
21 0.4515625 0.55703125 0.0546875 0.0765625
34 0.50078125 0.5453125 0.0609375 0.0828125
34 0.5515625 0.53359375 0.0578125 0.0796875
34 0.60234375 0.5234375 0.05 0.078125
33 0.65078125 0.51015625 0.0546875 0.075
33 0.70234375 0.50078125 0.05625 0.075
33 0.75390625 0.490625 0.0515625 0.0703125
36 0.80390625 0.4796875 0.0546875 0.071875
36 0.85390625 0.46640625 0.0421875 0.0703125