29 0.92863015 0.618863128125 0.9654680593749999 0.6253301265625 0.976006975 0.625514084375 0.9762124312499999 0.6137435250000001 0.9662778843750001 0.5443536796874999 0.9186629406250001 0.5362561593749999 0.92863015 0.618863128125
39 0.8784593171875 0.6347505484375 0.8903106234375 0.6349574140625001 0.9289889125 0.6333010781249999 0.9290395968749999 0.6303973593750001 0.9100331921875 0.5479905296875 0.8616965125 0.5491952296875 0.8616669796875 0.5508871828124999 0.8784593171875 0.6347505484375
26 0.8594022375 0.6406688578125 0.8757441765625 0.6396970953125 0.875954684375 0.627637140625 0.8606842328125 0.552771734375 0.8093826984374999 0.5538941125 0.8262366640625001 0.6400899515625 0.8594022375 0.6406688578125
25 0.7728698703125 0.6469721203125001 0.7793440234375 0.6470851265625 0.8256592203125 0.6441279140625 0.8257043890625001 0.641540209375 0.8093003921875 0.5562727062499999 0.7584128328124999 0.5573860265625 0.7583733046875001 0.5596506046874999 0.7728698703125 0.6469721203125001
24 0.7662978453125 0.64842014375 0.77089268125 0.6481788234375 0.77100706875 0.6416255453125 0.7573027796875 0.559755725 0.7060012453125 0.5608781015625001 0.7179982984375 0.647577071875 0.7662978453125 0.64842014375
18 0.6922241609374999 0.6549408718749999 0.716109703125 0.653171490625 0.716257575 0.6446999515625 0.7043197125 0.562825890625 0.6495876734375 0.5638733671875 0.6604599484375 0.6543864265625 0.6922241609374999 0.6549408718749999
18 0.656136528125 0.6543109609375 0.65826929375 0.6542658703125 0.658355103125 0.649349890625 0.649190815625 0.5612308421875001 0.593120140625 0.5626054484375 0.6015248484375 0.653357709375 0.656136528125 0.6543109609375
18 0.5433603687499999 0.6601561359375 0.5987655546874999 0.6611232359375 0.599201084375 0.6361717140625001 0.5931272453124999 0.566348071875 0.5370565703125 0.5677226765625 0.5433603687499999 0.6601561359375
23 0.5191209953125 0.6706722015625 0.5392339796875001 0.6695752015624999 0.5399390281249999 0.6291830203125001 0.53738825 0.573269371875 0.4795773078125 0.57496409375 0.48431066093749997 0.670064584375 0.5191209953125 0.6706722015625
23 0.48283655468750003 0.6738996296875001 0.47845070468750006 0.57776075625 0.47784389687499995 0.5777501640625 0.4206384703125 0.5794271375 0.4219468796875 0.6767897109375001 0.42694512656250005 0.67687695625 0.48283655468750003 0.6738996296875001
20 0.41732284062499997 0.6705820515625 0.4190008609375 0.5744483 0.360515653125 0.5767829875 0.3584737390625 0.6709935687499999 0.397319178125 0.67167161875 0.41732284062499997 0.6705820515625
20 0.3545534828125 0.5959389546875 0.35614791874999996 0.5045937125 0.2992765375 0.5048227109375001 0.29472427031250004 0.59643213125 0.3247886453125 0.5969569078125 0.3545534828125 0.5959389546875
20 0.290126821875 0.69253945625 0.29108766406250003 0.6507252171875 0.2921075984375 0.5922931734375 0.22952059375 0.5973175937499999 0.22639681718750002 0.6968174421875 0.2408738234375 0.6970701390625 0.290126821875 0.69253945625
25 0.163493796875 0.7097841078125 0.22450208906250002 0.7051838 0.2262771109375 0.6034929124999999 0.16476720312499998 0.608606521875 0.15894797656249998 0.700549946875 0.15878822812499999 0.7097019718750001 0.163493796875 0.7097841078125
25 0.156295746875 0.7082953078124999 0.157712609375 0.68179493125 0.1590257453125 0.606565409375 0.157424084375 0.6065374515624999 0.0985067625 0.609850715625 0.08969993125 0.7131842453125 0.0982148484375 0.7133328734375 0.156295746875 0.7082953078124999
37 0.10061010468750001 0.061712931250000005 0.1190544125 0.0315870609375 0.11913744374999999 0.0268302578125 0.06532832656250001 0.005655984375 0.0432255515625 0.0409381203125 0.0946273109375 0.061608501562499994 0.10061010468750001 0.061712931250000005
9 0.1311025546875 0.049743274999999997 0.1861074515625 0.0398766625 0.18633894374999999 0.0266145171875 0.18464562812500002 0.0012386546875 0.1233283546875 0.0083122875 0.12583339843750002 0.0496513015625 0.1311025546875 0.049743274999999997
2 0.121627225 0.42136598125 0.12178054062500002 0.412582559375 0.0572313734375 0.3850909640625 0.029791756250000002 0.44625931718749995 0.09810497343749999 0.47253373749999994 0.121627225 0.42136598125
18 0.0094892859375 0.30859775625 0.01372424375 0.30867167812499996 0.0651716640625 0.25359323125 0.06520601875000001 0.25162505625 0.033091003125000004 0.21929091406249998 0.004986140625 0.2428202265625 0.00382391875 0.2997927375 0.0094892859375 0.30859775625
5 0.23591365625 0.0750138296875 0.24394219062500003 0.0391071625 0.2442167015625 0.023380404687500002 0.204481578125 0.0169592703125 0.19092913281249999 0.0682430703125 0.23427529374999997 0.0749852328125 0.23591365625 0.0750138296875
5 0.1521103234375 0.293897096875 0.1538275984375 0.293927071875 0.1824076859375 0.251836096875 0.1824245625 0.25086928125 0.12764223125000002 0.2195404734375 0.09627219218750001 0.26242923125 0.09626663125 0.262747803125 0.1521103234375 0.293897096875
9 0.0977769484375 0.1762217734375 0.09785745625 0.171609459375 0.0829820546875 0.1131605765625 0.03565425 0.1292754875 0.047609225 0.19518284375 0.0977769484375 0.1762217734375
10 0.23846820468750002 0.0841239515625 0.2038602203125 0.082268025 0.194524834375 0.0821050765625 0.18805765937500002 0.14101120625000002 0.20281609843749998 0.1416338453125 0.2374538125 0.1422384484375 0.23846820468750002 0.0841239515625
5 0.2780868125 0 0.271707690625 0.034807328124999995 0.3313060578125 0.042298675 0.33307970937500003 0.042329634375 0.3365751625 0.014390542187499999 0.3367059234375 0.00689928125 0.293420003125 0 0.2780868125 0
7 0.40694096562500004 0.0889382890625 0.40746965625 0.0711909546875 0.40783537187499996 0.050239171875 0.3504392125 0.0422047 0.34662977968750003 0.084537834375 0.38009352343749997 0.088469665625 0.40694096562500004 0.0889382890625
2 0.165154171875 0.0764096453125 0.165387271875 0.0630553421875 0.134863946875 0.062310834375 0.10452006875 0.06178118125 0.09535838125 0.10453744218750001 0.13600685625 0.1060874484375 0.1611661703125 0.10652660625000002 0.165154171875 0.0764096453125
23 0.293980259375 0.1213467890625 0.2992982265625 0.12143961406249999 0.3160974328125 0.0706757125 0.272824484375 0.0577133109375 0.2528475421875 0.11132697656249999 0.293980259375 0.1213467890625
4 0.3929938765625 0.255907809375 0.42380767500000005 0.20953695625000002 0.42391750000000006 0.203245109375 0.3864366796875 0.17698241406249998 0.35142945625 0.22870081562500003 0.3889127859375 0.2558365734375 0.3929938765625 0.255907809375
23 0.49094402031250006 0.2130538890625 0.4915482953125 0.1784350734375 0.43254504843749997 0.16801043124999998 0.428859990625 0.21371452343750003 0.4900380609375 0.2243532734375 0.49094402031250006 0.2130538890625
1 0.34250704375 0.43942964375000004 0.3951062953125 0.44034776718749996 0.39873081093749996 0.3651275890625 0.3456881609375 0.3612536703125 0.33923065 0.43920264062500003 0.34250704375 0.43942964375000004
24 0.6833860281249999 0.428189590625 0.684594734375 0.42821068906250004 0.7223917296875 0.3828036578125 0.7224219546875 0.3810720984375 0.68784496875 0.3409721375 0.647383475 0.382622065625 0.6473731093749999 0.383215903125 0.6833860281249999 0.428189590625
24 0.5551479265625 0.41573972656249997 0.6144526421875 0.42229813906249997 0.6201226531249999 0.422397109375 0.6203411265625001 0.4098807125 0.6189675218749999 0.3671104125 0.5560648203125 0.3619463609375 0.5551479265625 0.41573972656249997
10 0.204313578125 0.3198121171875 0.25696973125 0.277581034375 0.25704464531250004 0.2732892578125 0.22808170625000002 0.23304806406249998 0.1717344046875 0.278503746875 0.2021989953125 0.31977520625 0.204313578125 0.3198121171875
14 0.48155389687500005 0.06836233124999999 0.50775358125 0.055797665625000006 0.5077898078125 0.053722253124999994 0.477606925 0.0101739328125 0.44511618437499995 0.0279983171875 0.475399175 0.0682549 0.48155389687500005 0.06836233124999999
16 0.35878075468750004 0.18498740625 0.38250327031250003 0.158576259375 0.3826072546875 0.15261902968750002 0.3392989203125 0.1148041984375 0.3071299171875 0.1451796140625 0.3537365734375 0.184899359375 0.35878075468750004 0.18498740625
17 0.5704019453125 0.3105748328125 0.6008791765625 0.27144629062500003 0.6009243203125 0.26886005 0.5682783875 0.23595974531250002 0.5342672562499999 0.2833470046875 0.5659824375 0.310497690625 0.5704019453125 0.3105748328125
15 0.4999219015625 0.47655756718750003 0.5081333859375 0.47670089843749996 0.5249801203125 0.4092718640625 0.47891966249999995 0.38755786406250003 0.4578914796875 0.45751459375000003 0.4999219015625 0.47655756718750003
2 0.3858648796875 0.332357534375 0.43415102499999997 0.33320037187499996 0.43515858124999995 0.27547757968750003 0.43492221718749996 0.2636776578125 0.3866437328125 0.26331158125 0.3858648796875 0.332357534375
17 0.113767903125 0.3948057984375 0.140520846875 0.3237723359375 0.14064407968749998 0.31671233125 0.0919760671875 0.30264115 0.060705107812500006 0.3764145578125 0.11027202031250001 0.39474477812500003 0.113767903125 0.3948057984375
33 0.2073514875 0.1657446859375 0.2074497390625 0.1601158640625 0.1589182140625 0.157049525 0.146818178125 0.2203560359375 0.1988721859375 0.22126464218750003 0.2073514875 0.1657446859375
9 0.3142406078125 0.33579554218749996 0.3289820484375 0.2703413875 0.329054709375 0.266178696875 0.2779192296875 0.2541667984375 0.26085809531250004 0.3237249625 0.3116493125 0.3357503109375 0.3142406078125 0.33579554218749996
36 0.354395703125 0 0.3492006921875 0.035621890625 0.3934514421875 0.0418206890625 0.4048533671875 0.042019709375 0.4054439875 0.0081830453125 0.35560064062499996 0 0.354395703125 0
35 0.584326840625 0.2154908734375 0.6272799296875 0.191415396875 0.62732303125 0.1889460515625 0.60228321875 0.14929294843750002 0.5534629140625 0.1769327734375 0.5802522234375 0.21541975156249998 0.584326840625 0.2154908734375
33 0.16796662499999998 0.44419671875000005 0.2199137125 0.43087652343749994 0.22018524374999998 0.41532049843749996 0.2086727453125 0.348426378125 0.15134395625 0.3651287421875 0.160857246875 0.444072625 0.16796662499999998 0.44419671875000005
37 0.27260095624999997 0.21630063125 0.302734175 0.162555453125 0.3027374171875 0.1623696609375 0.25735800625 0.143013415625 0.228981953125 0.19813985625 0.26902709375 0.2162382484375 0.27260095624999997 0.21630063125
31 0.50400828125 0.1750204578125 0.5094606484375 0.1370582328125 0.5097672671875 0.119492078125 0.4711969984375 0.1081670484375 0.45971761874999995 0.164238640625 0.4991524734375 0.1749357 0.50400828125 0.1750204578125
37 0.6037855890625 0.1470700546875 0.613379353125 0.147237515625 0.6257218265625 0.1016206640625 0.625789103125 0.097766328125 0.587481328125 0.0806307609375 0.5704619328125 0.1339357671875 0.5704571781250001 0.13420819374999998 0.6037855890625 0.1470700546875
32 0.49165885468750004 0.359207984375 0.5464744031250001 0.34430089375 0.546567028125 0.33899435312500004 0.5318203796875001 0.290386659375 0.47272314531250004 0.31090063125 0.4853843734375 0.3590984625 0.49165885468750004 0.359207984375
0 0.3110072046875 0.42950338437499996 0.34140935156249996 0.364144484375 0.34149395625 0.3592974875 0.296987925 0.3342071625 0.26153312500000003 0.4034736875 0.30972486093749996 0.429481 0.3110072046875 0.42950338437499996
25 0.0856723625 0.7099403140625 0.09113112031250001 0.64649025625 0.0918571 0.6048988796875 0.029259785937499998 0.6088982703125 0.01775650625 0.71505394375 0.0180699421875 0.7150594156250001 0.0856723625 0.7099403140625