28 0.12734375 0.44765625 0.0609375 0.0921875
29 0.17734375 0.45390625 0.0609375 0.0921875
30 0.22734375 0.46484375 0.0609375 0.0921875
3 0.2765625 0.47578125 0.053125 0.084375
4 0.32734375 0.48359375 0.059375 0.090625
5 0.3765625 0.49453125 0.0578125 0.0859375
0 0.42734375 0.5015625 0.05625 0.08125
1 0.47578125 0.5125 0.0578125 0.0875
1 0.57421875 0.5328125 0.05625 0.084375
2 0.5265625 0.52265625 0.05625 0.084375
2 0.62578125 0.5390625 0.0578125 0.084375
3 0.68046875 0.55078125 0.0546875 0.08125
3 0.725 0.559375 0.053125 0.08125
4 0.77890625 0.57109375 0.059375 0.08125
5 0.82734375 0.5796875 0.059375 0.0859375
7 0.88046875 0.59375 0.059375 0.0875
7 0.93515625 0.6046875 0.0609375 0.0875