14 0.9421875 0.47265625 0.0515625 0.0734375
14 0.875 0.4796875 0.0484375 0.075
16 0.8109375 0.4875 0.046875 0.075
12 0.7453125 0.49609375 0.0484375 0.06875
12 0.67109375 0.5046875 0.0515625 0.0796875
10 0.61484375 0.5125 0.05 0.0796875
16 0.5609375 0.5203125 0.0484375 0.075
15 0.49375 0.5265625 0.0484375 0.0734375
10 0.43515625 0.5328125 0.0453125 0.0734375
9 0.3640625 0.54375 0.046875 0.0703125
14 0.29453125 0.55078125 0.0515625 0.0765625
9 0.2203125 0.5625 0.0484375 0.0796875
13 0.1484375 0.56640625 0.04375 0.0734375
16 0.06640625 0.57734375 0.04375 0.075