20 0.91484375 0.58515625 0.06875 0.0921875
20 0.8484375 0.58125 0.0640625 0.0859375
23 0.78203125 0.5796875 0.0609375 0.096875
23 0.71796875 0.5765625 0.0640625 0.1
23 0.6515625 0.57421875 0.06875 0.10625
37 0.58359375 0.56875 0.0671875 0.1078125
37 0.51640625 0.56640625 0.0640625 0.1
37 0.44921875 0.56640625 0.0671875 0.1078125
32 0.3828125 0.55625 0.0640625 0.0890625
32 0.31328125 0.55703125 0.0578125 0.0921875
32 0.2453125 0.5515625 0.0640625 0.0984375
36 0.178125 0.546875 0.0578125 0.0875
36 0.10859375 0.54375 0.053125 0.0953125
36 0.0375 0.54140625 0.0546875 0.096875