41 0.2760050984375 0.389468275 0.25427054375 0.394088096875 0.2525585859375 0.4744677359375 0.29051935 0.4678509421875 0.3079195671875 0.46415241093750004 0.3056763640625 0.389906634375 0.3043917328125 0.383862915625 0.2760050984375 0.389468275
40 0.1969902890625 0.4039179703125 0.192529184375 0.4838871734375 0.24554784999999998 0.47261770781249995 0.24809077343750002 0.3970504953125 0.2474332859375 0.3939572578125 0.1969902890625 0.4039179703125
28 0.1411912546875 0.4155983703125 0.135822603125 0.49692254843750006 0.1875318734375 0.486096684375 0.19327779375 0.40972325625000006 0.1924070140625 0.40562655937500003 0.1411912546875 0.4155983703125
27 0.134565625 0.4115669890625 0.08435000312499999 0.42134407031250004 0.07417474843750001 0.500756821875 0.1276387625 0.4928878359375 0.1291636296875 0.49256371562499995 0.13606436093750002 0.41861798281249996 0.134565625 0.4115669890625
34 0.4833257265625 0.33137119375 0.42902622656249995 0.3435713265625 0.4390428609375 0.42216765 0.479685696875 0.4148631359375 0.49765551874999997 0.4110435328125 0.48874456874999994 0.3568648390625 0.4833257265625 0.33137119375
34 0.3693934046875 0.3586600453125 0.375257228125 0.4386575 0.4355624859375 0.425839221875 0.42689309687500004 0.358969728125 0.4245075734375 0.3477467234375 0.3693934046875 0.3586600453125
34 0.30928633906249997 0.37500007812499997 0.3121303296875 0.45367294375 0.371836334375 0.44098204062499996 0.3673401625 0.3718883875 0.36572487656249997 0.364289065625 0.30928633906249997 0.37500007812499997
31 0.9177885890624999 0.3600792640625 0.9172528359375001 0.3601931421875 0.8537602078125 0.37482776093750003 0.8934490921875 0.46748684375 0.91998585625 0.46184627968749997 0.964139178125 0.45158581093750005 0.96354165 0.448774659375 0.9177885890624999 0.3600792640625
31 0.884201684375 0.4663003875 0.844182128125 0.378208778125 0.780158178125 0.3929658625 0.8161865609375001 0.485506909375 0.8349151546875 0.48152602343749995 0.8847870828125 0.4690544703125 0.884201684375 0.4663003875
17 0.8093080921875 0.4897142328125 0.7746781921875 0.403757071875 0.710654240625 0.41851415468750003 0.742420025 0.50917350625 0.7781181140625 0.5015856421875 0.810120015625 0.49353402968750004 0.8093080921875 0.4897142328125
17 0.726407928125 0.4904905359375 0.7025193421875 0.42067549531250004 0.64107700625 0.435427515625 0.66538200625 0.5255484421875 0.7308996109375 0.5116222453125 0.726407928125 0.4904905359375
17 0.6314559625 0.4369152140625 0.6205953359375 0.43922371250000003 0.569931025 0.4513879796875 0.5903008421875 0.54470225 0.6313856421875 0.53596940625 0.6580916671875 0.529817878125 0.6559350375 0.5196717328125 0.6314559625 0.4369152140625
13 0.580390290625 0.5249917171875 0.5624572171875 0.4435747671875 0.501014884375 0.458326790625 0.51898574375 0.5486788921875 0.5825531609375 0.5351672203125 0.580390290625 0.5249917171875
13 0.433951840625 0.47597682968750005 0.449530646875 0.5682342499999999 0.5116950328125001 0.555020803125 0.4918015859375 0.46142949375000003 0.433951840625 0.47597682968750005
13 0.4265562328125 0.47011305625000005 0.36920434062499996 0.4847815578125 0.3802613328125 0.5781656765625 0.43494916562499997 0.56654141875 0.4435028015625 0.5646487765625 0.4304065140625 0.4882272046875 0.4265562328125 0.47011305625000005
12 0.3607313453125 0.483585334375 0.303825103125 0.4981398578125 0.3092743140625 0.5916570250000001 0.34730880625 0.5835725453125 0.374428853125 0.5772519890625001 0.36395469375 0.4987500015625 0.3607313453125 0.483585334375
11 0.241263746875 0.5180831125 0.2437142375 0.610384471875 0.306848521875 0.5969648656250001 0.300248015625 0.5146724609375 0.2978943015625 0.5035991015625 0.241263746875 0.5180831125
10 0.23589738124999998 0.5050197140625 0.2142144171875 0.509628571875 0.17910241093749998 0.51812655625 0.17902101718750002 0.612953590625 0.21124429375 0.6061043203125001 0.24107072343749997 0.599093625 0.237484453125 0.5124862968749999 0.23589738124999998 0.5050197140625