26 0.903125 0.56640625 0.0671875 0.109375
25 0.84140625 0.57109375 0.06875 0.1078125
24 0.77890625 0.578125 0.06875 0.109375
23 0.7171875 0.58515625 0.071875 0.109375
23 0.653125 0.590625 0.071875 0.1125
22 0.58984375 0.596875 0.071875 0.1140625
21 0.52578125 0.6015625 0.071875 0.115625
20 0.4609375 0.609375 0.0734375 0.115625
20 0.396875 0.61640625 0.075 0.115625
20 0.33046875 0.6234375 0.0734375 0.115625
20 0.2640625 0.63125 0.078125 0.11875
18 0.19609375 0.6375 0.078125 0.115625
18 0.13046875 0.64296875 0.0765625 0.1171875
18 0.0625 0.65 0.078125 0.115625