28 0.121875 0.41796875 0.0625 0.090625
36 0.171875 0.43125 0.0578125 0.08125
36 0.2203125 0.44140625 0.0546875 0.0796875
36 0.27109375 0.45546875 0.059375 0.0828125
36 0.31875 0.465625 0.053125 0.0796875
5 0.3671875 0.47734375 0.0546875 0.0875
5 0.4171875 0.4875 0.053125 0.08125
5 0.46796875 0.5 0.0546875 0.084375
0 0.51640625 0.509375 0.0546875 0.08125
0 0.5640625 0.51796875 0.05625 0.0796875
0 0.61328125 0.5265625 0.053125 0.08125
0 0.66484375 0.5390625 0.0578125 0.075
3 0.71640625 0.553125 0.0578125 0.08125
3 0.76484375 0.56328125 0.05625 0.08125
3 0.8125 0.575 0.0546875 0.078125
4 0.8609375 0.58125 0.0578125 0.0828125
4 0.909375 0.59296875 0.059375 0.0859375