16 0.93828125 0.5640625 0.06875 0.1125
16 0.875 0.571875 0.06875 0.115625
14 0.80859375 0.578125 0.06875 0.1171875
14 0.74140625 0.58515625 0.071875 0.115625
14 0.675 0.59140625 0.0734375 0.11875
11 0.60703125 0.596875 0.075 0.1171875
11 0.5421875 0.6015625 0.071875 0.1171875
11 0.475 0.6078125 0.075 0.1203125
10 0.40625 0.61484375 0.071875 0.1171875
10 0.3390625 0.6203125 0.0765625 0.11875
10 0.2703125 0.628125 0.0765625 0.1203125
9 0.2015625 0.63515625 0.071875 0.11875
9 0.1328125 0.64140625 0.071875 0.115625
9 0.0625 0.646875 0.06875 0.11875