15 0.73359375 0.63203125 0.0984375 0.15625
14 0.6453125 0.62421875 0.0984375 0.1578125
11 0.48125 0.45546875 0.0984375 0.15625
16 0.82109375 0.6375 0.0953125 0.153125
16 0.55546875 0.61484375 0.1 0.1578125
15 0.4671875 0.6078125 0.1 0.1578125
14 0.37890625 0.6015625 0.0984375 0.159375
14 0.28984375 0.59453125 0.1015625 0.1609375
13 0.2 0.5859375 0.1015625 0.159375
12 0.1109375 0.57578125 0.1 0.15625
10 0.6578125 0.4703125 0.1 0.159375
10 0.56875 0.4609375 0.0984375 0.1546875
10 0.39375 0.4484375 0.1015625 0.1578125
9 0.3046875 0.43984375 0.1 0.1578125