16 0.90078125 0.534375 0.0671875 0.1078125
16 0.8390625 0.5265625 0.0703125 0.1078125
16 0.77734375 0.51796875 0.0703125 0.10625
34 0.715625 0.51171875 0.06875 0.1109375
34 0.653125 0.50234375 0.0703125 0.10625
17 0.59140625 0.49453125 0.071875 0.10625
17 0.5296875 0.4875 0.0734375 0.1078125
17 0.46796875 0.4796875 0.071875 0.1109375
31 0.4046875 0.47109375 0.075 0.1109375
31 0.340625 0.46328125 0.071875 0.1125
31 0.278125 0.4546875 0.0734375 0.1109375
0 0.2109375 0.44296875 0.075 0.1109375
0 0.14609375 0.43515625 0.06875 0.1109375
0 0.08125 0.42578125 0.071875 0.1140625