21 0.93828125 0.49609375 0.065625 0.0859375
20 0.8671875 0.49765625 0.06875 0.0921875
19 0.8046875 0.51171875 0.065625 0.0921875
21 0.73515625 0.5140625 0.0625 0.0921875
20 0.671875 0.525 0.0671875 0.0890625
19 0.60390625 0.534375 0.0625 0.0921875
24 0.540625 0.54296875 0.0625 0.09375
25 0.47890625 0.553125 0.059375 0.09375
26 0.41015625 0.5609375 0.0625 0.0921875
31 0.34375 0.5703125 0.065625 0.09375
31 0.27578125 0.578125 0.0640625 0.0921875
34 0.21015625 0.58828125 0.05625 0.0921875
34 0.140625 0.596875 0.05625 0.09375
34 0.07265625 0.60234375 0.0546875 0.0953125