13 0.78984375 0.53671875 0.10625 0.15625
13 0.70625 0.5515625 0.1046875 0.1578125
12 0.621875 0.5671875 0.103125 0.15625
11 0.5390625 0.58203125 0.10625 0.15625
11 0.37109375 0.61328125 0.1109375 0.159375
11 0.67734375 0.409375 0.1046875 0.1546875
11 0.43046875 0.45234375 0.10625 0.153125
10 0.45625 0.59765625 0.1078125 0.159375
10 0.284375 0.628125 0.1109375 0.15625
10 0.59609375 0.421875 0.1046875 0.1515625
10 0.34609375 0.4671875 0.109375 0.15625
9 0.19765625 0.64453125 0.109375 0.1578125
9 0.5125 0.4375 0.1015625 0.1515625
9 0.26015625 0.48125 0.1046875 0.1546875