37 0.81796875 0.26796875 0.0609375 0.090625
37 0.76640625 0.28203125 0.0625 0.0921875
37 0.70859375 0.2828125 0.059375 0.0890625
31 0.571875 0.43828125 0.059375 0.10625
31 0.50859375 0.4609375 0.0609375 0.1171875
17 0.4421875 0.4890625 0.0671875 0.121875
17 0.371875 0.5 0.06875 0.1265625
17 0.2984375 0.51328125 0.0734375 0.1296875
16 0.659375 0.30859375 0.0546875 0.103125
16 0.60625 0.31875 0.05 0.1
16 0.5453125 0.32578125 0.05 0.10625
16 0.4875 0.34453125 0.0640625 0.10625
10 0.42578125 0.36171875 0.059375 0.1046875
10 0.359375 0.36953125 0.0671875 0.1109375
10 0.28671875 0.38203125 0.0703125 0.115625
41 0.12421875 0.37421875 0.06875 0.1203125
27 0.04453125 0.37421875 0.0734375 0.121875
30 0.2015625 0.36796875 0.071875 0.125