29 0.1296875 0.6921875 0.0671875 0.1046875
4 0.190625 0.68203125 0.0671875 0.1
2 0.24609375 0.671875 0.0625 0.0984375
3 0.309375 0.66015625 0.0625 0.1
4 0.36484375 0.64453125 0.0625 0.09375
6 0.42421875 0.63359375 0.0578125 0.0875
5 0.47734375 0.61640625 0.0640625 0.0953125
0 0.53046875 0.59296875 0.059375 0.09375
1 0.590625 0.5875 0.0578125 0.0921875
2 0.64453125 0.584375 0.053125 0.0890625
4 0.69765625 0.57578125 0.0625 0.0921875
4 0.75546875 0.565625 0.059375 0.090625
8 0.81328125 0.559375 0.0625 0.090625
7 0.86875 0.5546875 0.0625 0.0953125
6 0.92109375 0.53984375 0.059375 0.0875