36 0.84765625 0.62265625 0.04375 0.09375
36 0.80234375 0.6203125 0.040625 0.0984375
34 0.759375 0.62109375 0.0453125 0.103125
34 0.7125 0.61796875 0.0421875 0.1015625
34 0.66796875 0.6125 0.0421875 0.1015625
7 0.621875 0.60625 0.04375 0.0953125
7 0.5765625 0.596875 0.0421875 0.090625
7 0.5296875 0.59609375 0.04375 0.1
1 0.4828125 0.59375 0.0359375 0.0953125
1 0.43828125 0.58515625 0.034375 0.096875
1 0.3953125 0.578125 0.0375 0.0953125
0 0.3484375 0.57734375 0.04375 0.090625
0 0.30078125 0.575 0.0453125 0.09375
0 0.2546875 0.5703125 0.040625 0.1015625
0 0.21015625 0.56328125 0.0421875 0.0890625
39 0.16171875 0.5609375 0.0484375 0.1
38 0.1171875 0.55859375 0.040625 0.0984375