10 0.9078125 0.57265625 0.0734375 0.103125
10 0.84609375 0.56171875 0.071875 0.10625
11 0.78671875 0.55 0.071875 0.10625
11 0.72734375 0.5359375 0.0734375 0.109375
11 0.66875 0.5265625 0.078125 0.1125
7 0.609375 0.5125 0.075 0.1078125
7 0.54765625 0.50078125 0.0734375 0.1078125
7 0.48828125 0.48828125 0.075 0.1125
1 0.42734375 0.47578125 0.075 0.1078125
1 0.36796875 0.46328125 0.0796875 0.1125
1 0.30546875 0.45078125 0.078125 0.1125
18 0.24375 0.43828125 0.0796875 0.1140625
18 0.18125 0.42578125 0.078125 0.1046875
18 0.11953125 0.4125 0.0734375 0.1109375