39 0.09921875 0.53671875 0.071875 0.1015625
22 0.15859375 0.51796875 0.059375 0.0859375
22 0.21796875 0.50078125 0.059375 0.0828125
22 0.2828125 0.4953125 0.059375 0.0890625
36 0.33671875 0.47109375 0.0578125 0.08125
36 0.39765625 0.453125 0.05625 0.08125
36 0.4578125 0.45234375 0.0578125 0.0796875
20 0.515625 0.4328125 0.0625 0.08125
20 0.57265625 0.415625 0.0640625 0.0828125
20 0.63125 0.4015625 0.065625 0.084375
25 0.69140625 0.38359375 0.0640625 0.0953125
25 0.7484375 0.36796875 0.0609375 0.0875
25 0.80234375 0.35078125 0.0609375 0.0859375
37 0.86171875 0.33828125 0.0609375 0.0875
37 0.9203125 0.3203125 0.065625 0.09375