34 0.92421875 0.44140625 0.059375 0.0828125
34 0.85234375 0.45546875 0.0703125 0.0875
33 0.78203125 0.465625 0.0703125 0.08125
33 0.71015625 0.48046875 0.06875 0.084375
33 0.64140625 0.490625 0.06875 0.08125
7 0.5765625 0.50078125 0.0671875 0.0890625
7 0.51015625 0.51015625 0.0671875 0.084375
7 0.44296875 0.51953125 0.06875 0.0859375
23 0.38046875 0.53046875 0.0625 0.08125
23 0.31875 0.54140625 0.065625 0.08125
23 0.253125 0.55390625 0.071875 0.0859375
32 0.1875 0.56484375 0.0609375 0.0703125
32 0.1234375 0.57265625 0.0640625 0.075
32 0.0609375 0.58125 0.06875 0.084375