26 0.875 0.61875 0.05625 0.1046875
26 0.81328125 0.61796875 0.0578125 0.1046875
26 0.7515625 0.61796875 0.059375 0.103125
25 0.68984375 0.61484375 0.0609375 0.1046875
24 0.62734375 0.61328125 0.0609375 0.1046875
23 0.5671875 0.61171875 0.0609375 0.1046875
25 0.5046875 0.61015625 0.0609375 0.1046875
24 0.4421875 0.61015625 0.0640625 0.1046875
23 0.38046875 0.609375 0.0625 0.109375
23 0.3171875 0.60859375 0.0640625 0.10625
22 0.253125 0.60703125 0.0671875 0.109375
21 0.18828125 0.60625 0.0671875 0.109375
21 0.12421875 0.60390625 0.065625 0.1078125
21 0.05859375 0.60078125 0.059375 0.1078125