36 0.4671875 0.63046875 0.05625 0.06875
36 0.40234375 0.640625 0.0546875 0.0671875
21 0.3390625 0.65390625 0.059375 0.0734375
21 0.27421875 0.66640625 0.0578125 0.0703125
21 0.21171875 0.678125 0.05625 0.0734375
13 0.8453125 0.45390625 0.0703125 0.0765625
13 0.78671875 0.46328125 0.0640625 0.075
13 0.728125 0.475 0.065625 0.0765625
6 0.6703125 0.484375 0.065625 0.075
6 0.61171875 0.4953125 0.0609375 0.0734375
6 0.5546875 0.5046875 0.0609375 0.078125
0 0.4984375 0.51796875 0.05625 0.0671875
0 0.44296875 0.5265625 0.0578125 0.0703125
0 0.384375 0.53671875 0.0609375 0.071875
41 0.32734375 0.54765625 0.065625 0.075