30 0.26953125 0.46484375 0.0625 0.0953125
38 0.4796875 0.5046875 0.0546875 0.0859375
35 0.82890625 0.571875 0.053125 0.084375
31 0.78046875 0.5625 0.0546875 0.084375
0 0.73203125 0.5515625 0.053125 0.0875
4 0.68203125 0.540625 0.059375 0.0890625
4 0.6328125 0.5296875 0.0578125 0.0828125
5 0.58125 0.521875 0.053125 0.084375
7 0.53125 0.51484375 0.05625 0.0859375
1 0.428125 0.49375 0.0515625 0.084375
1 0.375 0.48359375 0.0578125 0.0875
1 0.32265625 0.475 0.0578125 0.09375
5 0.21328125 0.45390625 0.065625 0.0921875
6 0.1546875 0.440625 0.0625 0.0953125
7 0.09609375 0.42890625 0.059375 0.0890625