39 0.11328125 0.44296875 0.06875 0.1
35 0.17265625 0.4546875 0.0640625 0.0921875
35 0.23046875 0.46640625 0.0609375 0.0953125
35 0.28828125 0.47890625 0.0625 0.0921875
36 0.3484375 0.48828125 0.0640625 0.0921875
36 0.40625 0.50078125 0.059375 0.0859375
10 0.4640625 0.5125 0.0640625 0.09375
11 0.52109375 0.52265625 0.065625 0.090625
12 0.5765625 0.5359375 0.0671875 0.0953125
13 0.63515625 0.54609375 0.06875 0.09375
14 0.69296875 0.55859375 0.0671875 0.09375
15 0.7515625 0.56953125 0.0640625 0.0921875
15 0.80703125 0.58046875 0.0625 0.0875
16 0.86484375 0.590625 0.0640625 0.0890625
17 0.92109375 0.60390625 0.0671875 0.090625