16 0.9110013562500001 0.501282040625 0.9245541875000001 0.47981519375000004 0.92441196875 0.4757425921875 0.8959317375 0.4493292953125 0.87836991875 0.4749100109375 0.90963819375 0.50132964375 0.9110013562500001 0.501282040625
16 0.67131533125 0.69726635 0.6739140031249999 0.697175603125 0.7135944671875001 0.6619464953125 0.71354308125 0.660474996875 0.6906663640625 0.6303600687500001 0.6480916 0.66658943125 0.6481168937499999 0.6673137359375 0.67131533125 0.69726635
16 0.7575651046874999 0.5331867890625 0.75752613125 0.5320707359375 0.733602928125 0.504350025 0.7332613375 0.5043619546875 0.6969921453125 0.5382696359375 0.7240054046875 0.567223275 0.7254525796875 0.5671727375 0.7575651046874999 0.5331867890625
15 0.7766220515625 0.7170407453125 0.789551925 0.6880553875000001 0.7892928953125 0.6806377343750001 0.751760003125 0.6578189765625 0.7333966234375 0.6967019578125 0.7749690140625 0.7170984703125 0.7766220515625 0.7170407453125
13 0.7933138796875 0.6414121374999999 0.81208515 0.616979809375 0.8119678890625 0.6136218906249999 0.7801488937500001 0.5814493140625 0.7566643156249999 0.6101804093750001 0.7898265531249999 0.6415339171875 0.7933138796875 0.6414121374999999
11 0.8196115078125 0.59359023125 0.8299779640624999 0.5473344890625 0.8299722046875001 0.5471695890625 0.798812390625 0.5366176078125 0.78780955 0.5830466421875 0.819568534375 0.5935917328125 0.8196115078125 0.59359023125
22 0.960640446875 0.49642169999999997 0.9618049734375 0.47202405937499997 0.9616055703124999 0.46631392656250004 0.9292530156250001 0.46155836875 0.9273745390625001 0.461623965625 0.92655863125 0.49244355312500004 0.92660374375 0.4937353953125 0.956237540625 0.496575453125 0.960640446875 0.49642169999999997
20 0.916650684375 0.6308513125 0.9431425000000001 0.6091720515625 0.9430562281249999 0.606701559375 0.92948671875 0.57941825625 0.8986362765625 0.6039537796875 0.9143854046875 0.6309304171875 0.916650684375 0.6308513125
8 0.8274274890625 0.7527894374999999 0.84406929375 0.7270002953125 0.8438621953125001 0.7210697703125 0.8131550781250001 0.6935642390625001 0.79148646875 0.7247304984375 0.8228689906250001 0.7529486234375 0.8274274890625 0.7527894374999999
7 0.7667521296875 0.759598625 0.78158725625 0.7286056265624999 0.7813835796874999 0.7227730640625001 0.7410331984375 0.7019612859375 0.7230263515625001 0.740720190625 0.7639817921875001 0.7596953671875 0.7667521296875 0.759598625
5 0.9212290812499999 0.58222440625 0.9427656578124999 0.55360929375 0.94267801875 0.5510996390625 0.9235199250000001 0.52926946875 0.8977811875 0.56047388125 0.9200995046875 0.5822638515625 0.9212290812499999 0.58222440625
6 0.893387446875 0.4379734875 0.8933323609375 0.43639604375 0.8690055781250001 0.418322134375 0.86854444375 0.4183382375 0.8502583296875 0.45527876875000006 0.8753977265625 0.47438320312500004 0.8769911015625 0.4743275609375 0.893387446875 0.4379734875
6 0.8945193296875 0.741065825 0.8983037640625 0.7130726421875 0.8980595953125 0.7060805734375 0.8613450281249999 0.6977813765625 0.8545860953125001 0.736200371875 0.8900620203124999 0.741221478125 0.8945193296875 0.741065825
6 0.8229049625 0.6935361765625 0.8371653890624999 0.6636126 0.8371024015625 0.6618088671875 0.7992272140625001 0.6390756546875 0.7823513921874999 0.6742471640625001 0.81722960625 0.6937343640625 0.8229049625 0.6935361765625
5 0.7485539109375 0.62890411875 0.7550796015625 0.5963255703125 0.75497559375 0.5933471796875 0.7067500671875 0.5810602125 0.6990395140625 0.6201622171875 0.73889476875 0.6292414234375 0.7485539109375 0.62890411875
4 0.7902694343750001 0.5273864265625 0.8066189796875 0.5052205859375001 0.806371146875 0.4981236 0.7751431453125 0.468552575 0.7536637734375 0.4966292765625 0.7894594625 0.5274147109375 0.7902694343750001 0.5273864265625
3 0.9215584031249999 0.4602636171875 0.934104471875 0.439899634375 0.9338880156249999 0.4337011125 0.9037397031250001 0.4080845609375 0.8899049796874999 0.43360453750000005 0.9202076953124999 0.4603107859375 0.9215584031249999 0.4602636171875
3 0.8306528671875 0.65574275625 0.8496158046875 0.6172030625 0.849458546875 0.6126997765625 0.823489090625 0.5960513656249999 0.8012981390625 0.638621496875 0.8277106546875 0.6558455000000001 0.8306528671875 0.65574275625
1 0.8484831140625 0.71765820625 0.8690433546874999 0.681049721875 0.8688433124999999 0.6753212390625001 0.8454526734375 0.6571658609375 0.8222840859374999 0.696486875 0.8470394515624999 0.7177086203124999 0.8484831140625 0.71765820625
1 0.7927128015625 0.55471395 0.79268063125 0.5537926953125 0.764943225 0.53052005625 0.7347118375 0.5685000921875 0.7642734890625 0.5934555687499999 0.7927128015625 0.55471395
2 0.8723012859375 0.6714863375 0.8851389140625001 0.6494805984375 0.8848864875 0.64225205 0.8539548984374999 0.616312840625 0.838571178125 0.6466563046875 0.8678867 0.6716404984375 0.8723012859375 0.6714863375
2 0.896564934375 0.603410578125 0.8981961640625 0.6033536140625 0.9137848484375001 0.5776498765625 0.8841414296875 0.551165290625 0.866265190625 0.5741863765625 0.896564934375 0.603410578125
2 0.9596095578125 0.5871379390625 0.9742672296875 0.5602678890624999 0.9740459078124999 0.5539300765624999 0.957021471875 0.5352638984375 0.9364809015625 0.5683521781249999 0.95642345 0.5872492015625 0.9596095578125 0.5871379390625
1 0.9437270796874999 0.5486062578124999 0.9470232734374999 0.5484911515625 0.9665818203125 0.52123220625 0.9477720703125 0.497773671875 0.9254921375 0.5280469796875 0.9437270796874999 0.5486062578124999
0 0.797486053125 0.3942409609375 0.8370911421875 0.3928579203125 0.8363553296875 0.3717869984375 0.8346662890625 0.35938904531250004 0.7928686593750001 0.3578043578125 0.797486053125 0.3942409609375
0 0.806192096875 0.7910538515625001 0.80921509375 0.7909482859375 0.829075490625 0.7593635640625 0.7947989078125001 0.7296855015625 0.7727275234375 0.7634311874999999 0.806192096875 0.7910538515625001
33 0.87599711875 0.515012034375 0.8778585515625 0.5149470328125 0.8888724921875 0.487767775 0.8887683171875 0.48478460312499994 0.8549019171875001 0.46166196875 0.8405346484375 0.49146705312499994 0.8405389046874999 0.4915889375 0.87599711875 0.515012034375
33 0.9020397750000001 0.5500620109375001 0.9230485875 0.526243284375 0.9228937921875 0.5218105515625 0.905823984375 0.499771925 0.878599059375 0.527045959375 0.89797715625 0.5502038796875001 0.9020397750000001 0.5500620109375001
35 0.88464550625 0.6366593140625 0.8979705140625001 0.613986771875 0.8977653296874999 0.608111084375 0.8692877687499999 0.58303345625 0.849966246875 0.6107860234375 0.8802166281250001 0.636813975 0.88464550625 0.6366593140625
31 0.9255585078124999 0.693078340625 0.9405235125000001 0.6684882984375 0.9403839359375 0.66449138125 0.9138958703125001 0.6382193171874999 0.8943182453125 0.664949696875 0.924080659375 0.6931299484375 0.9255585078124999 0.693078340625
31 0.847306259375 0.45347584531249996 0.8476870515625 0.453462546875 0.8595535453125001 0.42461295625 0.8219897359375 0.4018502453125 0.8093912734375 0.429963803125 0.847306259375 0.45347584531249996
31 0.8087810875000001 0.4970343890625 0.8159291296875001 0.4967847734375 0.8389869953125 0.4919194703125 0.8388053843750001 0.48671879999999995 0.829909734375 0.4456404625 0.799990075 0.4497078375 0.800043259375 0.45123084531249996 0.8087810875000001 0.4970343890625
32 0.8533973671874999 0.5470702843749999 0.858325525 0.5084454671875 0.858159671875 0.50369608125 0.8279273 0.4957160765625 0.8220290796875 0.5430971390625 0.8438273640625 0.547404475 0.8533973671874999 0.5470702843749999
32 0.8573570453125001 0.5985259390625 0.863172421875 0.557699615625 0.8630880171875001 0.5552825718750001 0.8331921234375 0.5486312875 0.8263741375 0.5958578828125 0.8467698265625 0.5988956515625 0.8573570453125001 0.5985259390625
21 0.4739970265625 0.8866171265625 0.49408494999999997 0.8941965656249999 0.49578743437500006 0.8941371140625 0.55989055 0.871898359375 0.5590700734375 0.848403015625 0.5554177828125 0.821937115625 0.4877995796875 0.8425653328125 0.467626078125 0.83640855625 0.4739970265625 0.8866171265625
21 0.46761043124999996 0.837363709375 0.4849441171875 0.8429218421875 0.48986542499999997 0.8427499859375001 0.5535024203125001 0.82328055625 0.5528912078125 0.8057777015625 0.5483673828125 0.7740645296875 0.4811800625 0.7916803671875 0.460750221875 0.7863618078125 0.46761043124999996 0.837363709375
20 0.46096331875 0.7861272390625 0.47721100625 0.7900345062499999 0.4872374421875 0.789684375 0.547083575 0.7737831203125001 0.5461083624999999 0.745856696875 0.5430105296875001 0.7239866984375001 0.475271440625 0.7393544921874999 0.4547148734375 0.7359011859375 0.46096331875 0.7861272390625
19 0.47161695468750003 0.738635925 0.47790132031250004 0.7384164703125 0.54065394375 0.7239768062499999 0.54018781875 0.710628771875 0.5352600171875 0.675438815625 0.533372146875 0.6755047421875 0.46797211250000004 0.6876504203125 0.44780538437499995 0.6854537796875 0.454014390625 0.7359419234375 0.47161695468750003 0.738635925
18 0.447655871875 0.685645271875 0.4644030359375 0.6872939109375 0.47226653281250003 0.6870193109375 0.53269344375 0.675103603125 0.5317716140625001 0.648705853125 0.5282180484375 0.6258842453125 0.4590709609375 0.6368897 0.44134682343750004 0.63608161875 0.447655871875 0.685645271875
24 0.44101627343749994 0.6363408140625 0.443154690625 0.6364419890625 0.469367628125 0.6355266140625 0.52785725625 0.6261561640625 0.52769611875 0.6215417875 0.5212417734375 0.578236925 0.454660871875 0.5867120531250001 0.435013328125 0.5870285125 0.44101627343749994 0.6363408140625
23 0.42943251406250005 0.53869689375 0.4350351609375 0.5851316 0.46816840312499997 0.5839745625 0.5214508171875 0.577014025 0.5212240703125001 0.57052084375 0.5152831421874999 0.5296642015625 0.4481676421875 0.5359748421874999 0.4293814125 0.53723354375 0.42943251406250005 0.53869689375
22 0.42952863125 0.5368568671875 0.449141671875 0.536171965625 0.5151147453125 0.5298868875 0.5147054703125 0.5181668140625 0.509807396875 0.48281430781249995 0.4419137375 0.48692001406249996 0.42351555 0.48959835937499996 0.42952863125 0.5368568671875
26 0.4167519921875 0.44420278125 0.42297646875000006 0.487055196875 0.45049675625 0.4860941671875 0.5087598578125 0.48222100156250003 0.508424740625 0.47262449375 0.5040986937499999 0.4352894703125 0.43281304687500005 0.43774895 0.41664684375 0.44119170625 0.4167519921875 0.44420278125
25 0.41629390937500005 0.43882153281249997 0.42925902968749996 0.4383687796875 0.433403815625 0.43741356875 0.500859028125 0.435056509375 0.4999443109375 0.40886241874999996 0.4976033390625 0.38763617031250003 0.427773665625 0.38744023437499997 0.40972480312500004 0.3928071359375 0.41629390937500005 0.43882153281249997
24 0.40405391562500004 0.3492059265625 0.409793096875 0.3921449734375 0.41182120156249996 0.39207415 0.4272383984375 0.3876395765625 0.4960754234375 0.38761485 0.4958430375 0.380960165625 0.48974614531249994 0.33953785625 0.42160824999999996 0.33766624218749997 0.4038713875 0.3439790125 0.40405391562500004 0.3492059265625
26 0.4034107265625 0.34233737343750004 0.40615476875 0.3422415484375 0.4213025078125 0.336692253125 0.486559609375 0.3389746765625 0.48532916718749997 0.303739396875 0.48374519375 0.291373778125 0.4140018453125 0.286095734375 0.3968694828125 0.2939949140625 0.4034107265625 0.34233737343750004
25 0.3898729140625 0.244657403125 0.39630879218750004 0.2925549015625 0.4011452765625 0.2923860078125 0.41413854375000003 0.286757590625 0.465051978125 0.2901543359375 0.4832690984375 0.28951817968750004 0.48314756093750005 0.286037809375 0.47726170312500005 0.24374879531250002 0.4070052765625 0.2367582234375 0.3898729140625 0.244657403125
24 0.383772015625 0.19627980625000002 0.3893931453125 0.2443293765625 0.3907228125 0.2442829421875 0.40666312187500003 0.236830234375 0.4580273828125 0.24193261562499999 0.47533246093750003 0.241328309375 0.47473382500000005 0.224185615625 0.47128806250000005 0.19703748906250002 0.40094594843750003 0.1872334328125 0.383772015625 0.19627980625000002
30 0.37767848125 0.147747953125 0.3833633765625 0.19634294531250002 0.40106205624999997 0.187280959375 0.46860886874999996 0.19622298124999998 0.4690664328125 0.196207003125 0.46817667968750004 0.1707278109375 0.4655712484375 0.14849248125 0.39511277499999997 0.137365496875 0.37767848125 0.147747953125
41 0.372830296875 0.09822630156249999 0.37881053124999997 0.1474526640625 0.3961608828125 0.13719026875 0.46331455312500003 0.1479408390625 0.4642528921875 0.147908071875 0.46335940000000003 0.12232177500000001 0.46029532812499996 0.100493384375 0.3893852984375 0.0871080703125 0.372830296875 0.09822630156249999
38 0.36707324375 0.05133216875 0.3724655125 0.09768569218749999 0.3891840875 0.0865196640625 0.453158490625 0.09826501875 0.45938482187499996 0.098047590625 0.45918495156250005 0.09232404375 0.4542679234375 0.0514219125 0.383079509375 0.036110670312499996 0.3670057390625 0.049399107812499995 0.36707324375 0.05133216875