16 0.90703125 0.58984375 0.059375 0.1109375
16 0.84375 0.590625 0.0609375 0.1109375
15 0.78125 0.5921875 0.0609375 0.1078125
15 0.7171875 0.59296875 0.0640625 0.1078125
15 0.65234375 0.59375 0.0625 0.1078125
15 0.58828125 0.59375 0.0625 0.1078125
14 0.521875 0.59765625 0.0625 0.115625
13 0.4578125 0.5984375 0.0640625 0.1109375
11 0.3921875 0.5984375 0.0671875 0.1109375
11 0.325 0.60234375 0.0671875 0.1125
11 0.2578125 0.603125 0.0671875 0.1140625
11 0.190625 0.6046875 0.0640625 0.1140625
10 0.12109375 0.603125 0.06875 0.1078125
9 0.0515625 0.60390625 0.0640625 0.1171875