37 0.93125 0.57421875 0.078125 0.115625
37 0.8671875 0.56171875 0.0765625 0.115625
37 0.80390625 0.55078125 0.0765625 0.1171875
7 0.73828125 0.5375 0.075 0.1140625
7 0.67265625 0.52578125 0.08125 0.11875
7 0.60625 0.51484375 0.0734375 0.1140625
4 0.5421875 0.5015625 0.0765625 0.1125
3 0.47578125 0.4890625 0.0796875 0.1125
2 0.40859375 0.4765625 0.0765625 0.1125
1 0.34375 0.46328125 0.0765625 0.1125
1 0.2734375 0.45078125 0.0765625 0.109375
1 0.2078125 0.43984375 0.078125 0.1125
0 0.1390625 0.42578125 0.0828125 0.11875
0 0.0671875 0.4109375 0.0734375 0.109375