17 0.89609375 0.625 0.0609375 0.1078125
17 0.83359375 0.621875 0.0625 0.1078125
17 0.771875 0.62109375 0.065625 0.1109375
16 0.71015625 0.61640625 0.065625 0.1109375
15 0.646875 0.6125 0.065625 0.109375
14 0.5828125 0.6078125 0.065625 0.109375
13 0.51953125 0.60546875 0.0671875 0.1125
12 0.45546875 0.60234375 0.0671875 0.1125
14 0.39296875 0.6 0.06875 0.1140625
13 0.328125 0.59765625 0.0703125 0.1125
12 0.2625 0.59296875 0.0703125 0.1125
11 0.196875 0.5890625 0.071875 0.1125
10 0.13046875 0.5875 0.0671875 0.1125
9 0.0640625 0.58203125 0.0671875 0.1125