34 0.88671875 0.4359375 0.0671875 0.10625
34 0.82421875 0.44453125 0.0703125 0.10625
35 0.7640625 0.4484375 0.06875 0.109375
35 0.70078125 0.4578125 0.071875 0.109375
33 0.6390625 0.46484375 0.071875 0.1109375
33 0.57734375 0.47265625 0.0703125 0.109375
32 0.515625 0.47890625 0.071875 0.109375
32 0.453125 0.48515625 0.0703125 0.109375
26 0.390625 0.49375 0.075 0.1109375
26 0.32578125 0.50078125 0.0765625 0.115625
24 0.26171875 0.5078125 0.075 0.1140625
24 0.196875 0.51484375 0.0765625 0.109375
23 0.13203125 0.52109375 0.0703125 0.1109375
23 0.065625 0.5296875 0.071875 0.115625