40 0.06328125 0.565625 0.075 0.1109375
20 0.96015625 0.528125 0.06875 0.1125
20 0.896875 0.53125 0.0671875 0.1109375
21 0.83046875 0.52890625 0.06875 0.1109375
22 0.76796875 0.5328125 0.06875 0.1109375
23 0.70546875 0.53671875 0.0671875 0.1078125
23 0.64140625 0.5375 0.065625 0.1109375
24 0.57890625 0.54140625 0.06875 0.1078125
25 0.51484375 0.54296875 0.065625 0.1109375
24 0.45078125 0.54609375 0.065625 0.1125
25 0.38515625 0.54765625 0.0625 0.1109375
26 0.31953125 0.55078125 0.06875 0.1109375
19 0.25390625 0.55546875 0.059375 0.10625
19 0.1921875 0.5578125 0.0625 0.103125
19 0.12578125 0.55859375 0.0578125 0.10625