40 0.14296875 0.5125 0.05 0.0734375
41 0.1921875 0.51328125 0.0453125 0.0734375
29 0.0953125 0.50859375 0.0453125 0.0703125
27 0.05 0.50625 0.0390625 0.06875
23 0.2375 0.5171875 0.0390625 0.0671875
23 0.284375 0.51796875 0.0390625 0.071875
23 0.33203125 0.5171875 0.0375 0.0734375
34 0.37890625 0.51640625 0.0390625 0.0640625
34 0.42734375 0.51796875 0.034375 0.065625
34 0.47421875 0.51640625 0.034375 0.0609375
34 0.52109375 0.51953125 0.040625 0.065625
37 0.5703125 0.5203125 0.0390625 0.0703125
37 0.62109375 0.52265625 0.04375 0.075
37 0.67109375 0.5234375 0.0390625 0.0671875
24 0.721875 0.521875 0.0484375 0.071875
24 0.77265625 0.52421875 0.053125 0.06875
26 0.8234375 0.52734375 0.053125 0.0734375
26 0.87578125 0.52734375 0.0546875 0.071875
26 0.92890625 0.53203125 0.0546875 0.0734375