30 0.07578125 0.53984375 0.05625 0.0984375
41 0.13515625 0.53671875 0.0578125 0.096875
12 0.19296875 0.5375 0.05625 0.0984375
13 0.2515625 0.53359375 0.0546875 0.0984375
14 0.31015625 0.53046875 0.05625 0.096875
14 0.53828125 0.51171875 0.0546875 0.0984375
15 0.5984375 0.51015625 0.05625 0.096875
16 0.65546875 0.5078125 0.0578125 0.096875
24 0.3671875 0.525 0.0578125 0.0984375
25 0.425 0.5203125 0.0546875 0.096875
26 0.48203125 0.51640625 0.0546875 0.0984375
20 0.7140625 0.50859375 0.0578125 0.0953125
21 0.771875 0.50390625 0.0578125 0.0984375
22 0.828125 0.50234375 0.05625 0.1
23 0.88515625 0.50234375 0.0515625 0.0953125
23 0.9421875 0.49765625 0.0546875 0.096875