40 0.11015625 0.45546875 0.0640625 0.09375
30 0.1625 0.465625 0.0609375 0.0921875
12 0.21484375 0.475 0.0578125 0.0890625
12 0.26640625 0.48515625 0.0625 0.0921875
12 0.31953125 0.4953125 0.059375 0.090625
10 0.37109375 0.50546875 0.0609375 0.09375
10 0.4234375 0.5171875 0.0609375 0.0890625
10 0.47578125 0.52578125 0.0625 0.0953125
17 0.528125 0.5375 0.0609375 0.0890625
17 0.58125 0.546875 0.0625 0.09375
17 0.63515625 0.55625 0.0625 0.0921875
13 0.68671875 0.5671875 0.0640625 0.0921875
13 0.74140625 0.578125 0.0625 0.09375
13 0.79375 0.5890625 0.065625 0.0921875
14 0.8484375 0.6 0.0625 0.0921875
14 0.90234375 0.61171875 0.0625 0.0953125