0 0.15078125 0.49375 0.0546875 0.0671875
0 0.1984375 0.484375 0.0578125 0.0703125
0 0.25234375 0.4734375 0.0546875 0.0703125
7 0.30625 0.4625 0.0578125 0.071875
7 0.36015625 0.4546875 0.0578125 0.0734375
7 0.4140625 0.44296875 0.053125 0.06875
8 0.46875 0.43203125 0.0546875 0.071875
8 0.52890625 0.421875 0.0578125 0.0734375
11 0.584375 0.409375 0.05625 0.075
11 0.64453125 0.3953125 0.059375 0.078125
11 0.7046875 0.3828125 0.059375 0.0796875
17 0.76640625 0.36953125 0.0609375 0.0765625
17 0.83125 0.3578125 0.059375 0.0765625
17 0.89609375 0.34765625 0.059375 0.075
29 0.078213509375 0.4771203609375 0.078031253125 0.476262915625 0.0358393875 0.4825499171875 0.0211830953125 0.5442690171875 0.066152203125 0.5347105375 0.078213509375 0.4771203609375
40 0.1163697484375 0.5256338765625 0.1269580859375 0.47347405625 0.125931678125 0.46864519062500004 0.0831438859375 0.4745265890625 0.06981669375 0.5353677015625 0.072867309375 0.5348806046875 0.1163697484375 0.5256338765625
1 0.15522383125 0.2306934390625 0.1545425953125 0.227488475 0.11029059999999999 0.2370615453125 0.104605903125 0.2597699515625 0.15141642500000002 0.24982006874999999 0.15522383125 0.2306934390625
18 0.51702493125 0.0991225734375 0.51598228125 0.0942172875 0.474472496875 0.08629995 0.46038303750000004 0.11291952187500001 0.505608796875 0.12180513281250001 0.51702493125 0.0991225734375
21 0.47664213125000005 0.0832493734375 0.49216159531250003 0.06481708281250001 0.4913531203125 0.0610135046875 0.456487875 0.051899196875 0.43849029687499996 0.0762798703125 0.4752198734375 0.0835516828125 0.47664213125000005 0.0832493734375
21 0.5913741921875 0.125953421875 0.611410571875 0.099774709375 0.6112712953125 0.0991194640625 0.5728418609375 0.08417790625 0.54884286875 0.1080512140625 0.5881296859375 0.1266430625 0.5913741921875 0.125953421875
24 0.6788980671875 0.05783002499999999 0.6904286734375 0.0356434734375 0.6900109343749999 0.033678165625 0.6394843375 0.026267935937499997 0.6292326703125 0.050638271874999995 0.6717032140625 0.0593593390625 0.6788980671875 0.05783002499999999
22 0.608869934375 0.042364228125 0.6276316609375 0.0182695296875 0.6274948 0.01762564375 0.5828760625 0.005939828124999999 0.563935709375 0.0332004625 0.60301865625 0.04360795625 0.608869934375 0.042364228125
23 0.5207013140625001 0.033949125000000004 0.5376426875 0.02327165625 0.5368689234375 0.0196313875 0.5118029609375 0.0015771171875 0.48488189375 0.020535114062500002 0.5107881671875 0.036056229687500004 0.5207013140625001 0.033949125000000004
14 0.61492859375 0.08580382187499999 0.630596634375 0.06227946718750001 0.6298120828125 0.0585884421875 0.587262825 0.051294971875 0.5700955671875 0.073194421875 0.6099045546874999 0.08687171406250001 0.61492859375 0.08580382187499999
15 0.5515583109375 0.0848969265625 0.5634048109375 0.061805609375 0.5621899390625 0.056090084375 0.52171996875 0.045051671875 0.504166371875 0.0727165578125 0.5511141859375 0.084991328125 0.5515583109375 0.0848969265625
1 0.605321128125 0 0.6038125078125 0.01082265 0.6426618875 0.011220418749999999 0.6449737296875 0.010729021875 0.6451843484374999 0 0.605321128125 0