18 0.8734375 0.34921875 0.0703125 0.0828125
18 0.80703125 0.3609375 0.0734375 0.0875
19 0.74296875 0.365625 0.0640625 0.084375
20 0.68359375 0.37421875 0.0671875 0.0859375
21 0.6234375 0.38359375 0.0609375 0.0796875
20 0.565625 0.39765625 0.0625 0.0828125
20 0.5015625 0.39921875 0.059375 0.0828125
20 0.44453125 0.4125 0.0640625 0.0796875
23 0.3828125 0.42109375 0.059375 0.0875
24 0.32421875 0.43203125 0.0640625 0.0859375
25 0.259375 0.4390625 0.0515625 0.0796875
23 0.20390625 0.45390625 0.05625 0.084375
24 0.14375 0.46328125 0.059375 0.084375
25 0.08359375 0.471875 0.0546875 0.0796875