14 0.1 0.409375 0.0453125 0.0796875
11 0.1453125 0.415625 0.046875 0.084375
9 0.19140625 0.42265625 0.0484375 0.08125
16 0.240625 0.42890625 0.053125 0.0890625
9 0.29296875 0.44140625 0.0546875 0.0828125
12 0.34921875 0.44921875 0.0609375 0.0953125
12 0.40546875 0.46015625 0.065625 0.090625
11 0.4671875 0.46484375 0.0609375 0.096875
15 0.528125 0.475 0.0703125 0.1046875
15 0.596875 0.4890625 0.071875 0.103125
10 0.665625 0.4984375 0.0765625 0.1078125
14 0.7390625 0.5046875 0.0828125 0.10625
14 0.81796875 0.52109375 0.08125 0.109375
15 0.90078125 0.5328125 0.08125 0.1140625