14 0.91875 0.4609375 0.0578125 0.0890625
14 0.8640625 0.4796875 0.059375 0.1015625
15 0.8078125 0.496875 0.059375 0.1
16 0.75546875 0.5171875 0.059375 0.0953125
17 0.6984375 0.53125 0.059375 0.0921875
13 0.64140625 0.55078125 0.0625 0.0984375
14 0.58359375 0.56953125 0.065625 0.0984375
15 0.5265625 0.584375 0.0640625 0.1046875
10 0.46875 0.60234375 0.065625 0.1015625
11 0.4109375 0.61328125 0.0671875 0.1109375
12 0.35390625 0.64140625 0.0765625 0.115625
15 0.2953125 0.653125 0.078125 0.1140625
16 0.23671875 0.67734375 0.0796875 0.115625
17 0.1765625 0.69609375 0.0796875 0.1171875
29 0.115625 0.71328125 0.0765625 0.1125