26 0.86328125 0.6515625 0.065625 0.1078125
26 0.80234375 0.64453125 0.0671875 0.1078125
26 0.740625 0.6390625 0.0671875 0.10625
25 0.6796875 0.63125 0.0703125 0.109375
24 0.6171875 0.62421875 0.06875 0.109375
23 0.55703125 0.61640625 0.0703125 0.109375
25 0.49453125 0.61015625 0.0703125 0.109375
24 0.4328125 0.6046875 0.0734375 0.109375
23 0.37109375 0.5984375 0.071875 0.1140625
23 0.3078125 0.5921875 0.0734375 0.1109375
22 0.24453125 0.58515625 0.0765625 0.1140625
21 0.1796875 0.57890625 0.0765625 0.1140625
21 0.11640625 0.5703125 0.075 0.1125
21 0.0515625 0.56171875 0.06875 0.1125