28 0.11171875 0.34453125 0.10625 0.128125
30 0.19296875 0.3671875 0.0984375 0.1296875
26 0.66796875 0.48359375 0.0890625 0.1171875
26 0.590625 0.46640625 0.0890625 0.115625
26 0.509375 0.44296875 0.0828125 0.109375
34 0.54453125 0.63515625 0.08125 0.1234375
34 0.45859375 0.61796875 0.0875 0.125
6 0.3734375 0.59453125 0.084375 0.1296875
6 0.28125 0.5734375 0.0875 0.1296875
6 0.19375 0.54921875 0.0875 0.13125
4 0.9 0.5453125 0.0890625 0.1171875
4 0.82109375 0.52578125 0.0890625 0.1203125
4 0.7421875 0.50546875 0.0875 0.1125
1 0.428125 0.4265625 0.0671875 0.1140625
1 0.34921875 0.40625 0.0734375 0.11875
1 0.27109375 0.38359375 0.075 0.1203125