41 0.45703125 0.5046875 0.0578125 0.0703125
32 0.8953125 0.4375 0.0546875 0.059375
32 0.840625 0.44609375 0.0515625 0.06875
32 0.78828125 0.4578125 0.0515625 0.0671875
22 0.7328125 0.4640625 0.0578125 0.065625
23 0.67890625 0.478125 0.05 0.0734375
24 0.6234375 0.48515625 0.0578125 0.0765625
25 0.56875 0.49375 0.0515625 0.078125
25 0.5140625 0.5 0.0515625 0.0765625
21 0.39921875 0.51328125 0.053125 0.06875
21 0.34453125 0.51796875 0.05 0.06875
21 0.28828125 0.525 0.0546875 0.06875
21 0.23125 0.53203125 0.053125 0.06875
18 0.17734375 0.53515625 0.053125 0.0703125
19 0.11875 0.54453125 0.0453125 0.0703125
20 0.06328125 0.55234375 0.0421875 0.06875