36 0.80078125 0.51875 0.053125 0.0546875
36 0.74140625 0.5234375 0.053125 0.05625
36 0.68125 0.528125 0.0484375 0.053125
31 0.39375 0.546875 0.0484375 0.05
31 0.33828125 0.55234375 0.046875 0.0484375
31 0.28125 0.55625 0.04375 0.0546875
21 0.92109375 0.5109375 0.0609375 0.0625
21 0.85859375 0.51484375 0.0578125 0.059375
18 0.6203125 0.53203125 0.0546875 0.0609375
18 0.56484375 0.53515625 0.05 0.053125
18 0.50703125 0.53515625 0.0546875 0.05625
18 0.45234375 0.54375 0.0515625 0.0640625
19 0.22890625 0.559375 0.0421875 0.0578125
19 0.1734375 0.56328125 0.04375 0.05625
19 0.12109375 0.565625 0.0453125 0.0625
30 0.065625 0.5734375 0.0546875 0.065625