24 0.7625 0.53671875 0.0578125 0.0640625
24 0.7078125 0.5296875 0.059375 0.075
24 0.65234375 0.51953125 0.0609375 0.071875
23 0.59609375 0.51015625 0.053125 0.071875
23 0.54296875 0.50078125 0.0546875 0.0703125
23 0.49140625 0.490625 0.0546875 0.06875
21 0.4390625 0.4765625 0.0546875 0.06875
21 0.3828125 0.4734375 0.0546875 0.06875
27 0.09453125 0.44609375 0.06875 0.075
29 0.15390625 0.45546875 0.0671875 0.078125
34 0.2125 0.45234375 0.0421875 0.0640625
34 0.26640625 0.4640625 0.05 0.065625
34 0.31953125 0.4734375 0.0484375 0.065625
32 0.81796875 0.54765625 0.0625 0.071875
32 0.87421875 0.56015625 0.0625 0.075
32 0.93359375 0.5625 0.0609375 0.0765625