34 0.91640625 0.70625 0.04375 0.1203125
34 0.8609375 0.7109375 0.0484375 0.1234375
34 0.80546875 0.71484375 0.0546875 0.1328125
19 0.753125 0.7140625 0.0484375 0.128125
19 0.7015625 0.71015625 0.0546875 0.1328125
21 0.64765625 0.71875 0.053125 0.1265625
22 0.5953125 0.72109375 0.0515625 0.13125
23 0.54296875 0.72421875 0.053125 0.13125
22 0.48984375 0.7265625 0.05625 0.134375
22 0.43671875 0.73046875 0.05625 0.1328125
22 0.38515625 0.73359375 0.05625 0.1359375
18 0.3328125 0.7359375 0.0578125 0.1359375
19 0.27890625 0.7375 0.05625 0.1328125
20 0.228125 0.740625 0.053125 0.1328125
30 0.17734375 0.7421875 0.0546875 0.13125
28 0.12265625 0.74453125 0.0609375 0.1328125
39 0.06875 0.74609375 0.053125 0.1296875