8 0.76796875 0.63828125 0.1015625 0.146875
7 0.6890625 0.62265625 0.1015625 0.1515625
6 0.61015625 0.60625 0.1046875 0.15
4 0.53046875 0.59140625 0.1046875 0.1515625
3 0.4515625 0.57421875 0.1046875 0.153125
2 0.371875 0.55859375 0.1078125 0.1546875
4 0.29140625 0.54296875 0.1078125 0.153125
3 0.21015625 0.52734375 0.1078125 0.153125
2 0.12734375 0.51015625 0.1078125 0.1515625
8 0.6375 0.46796875 0.1015625 0.1484375
8 0.5578125 0.453125 0.1078125 0.1484375
8 0.48046875 0.43828125 0.1 0.14375
1 0.4015625 0.421875 0.1046875 0.146875
1 0.32109375 0.40625 0.1078125 0.1484375