1 0.9390625 0.425 0.0578125 0.1015625
2 0.8734375 0.44140625 0.0640625 0.0984375
2 0.80703125 0.45546875 0.065625 0.10625
4 0.7421875 0.465625 0.06875 0.109375
3 0.67265625 0.4859375 0.0625 0.103125
4 0.60546875 0.5 0.0640625 0.1046875
5 0.5375 0.51640625 0.0671875 0.1078125
3 0.4703125 0.52734375 0.0625 0.0984375
4 0.3984375 0.54296875 0.065625 0.1046875
5 0.328125 0.56171875 0.065625 0.109375
7 0.25546875 0.5765625 0.0703125 0.1078125
8 0.18359375 0.59609375 0.075 0.1078125
6 0.11015625 0.61015625 0.0734375 0.1125