4 0.85625 0.60703125 0.0625 0.0796875
4 0.80546875 0.61953125 0.0609375 0.084375
7 0.70390625 0.63828125 0.059375 0.0875
7 0.6484375 0.64921875 0.05625 0.0875
7 0.59140625 0.653125 0.053125 0.08125
7 0.53828125 0.66171875 0.0546875 0.08125
32 0.909375 0.6 0.059375 0.084375
37 0.7546875 0.63203125 0.0609375 0.084375
36 0.48671875 0.67265625 0.05625 0.0859375
36 0.43359375 0.68359375 0.0578125 0.0828125
36 0.37734375 0.69375 0.053125 0.0828125
28 0.32265625 0.703125 0.0609375 0.0890625
34 0.2640625 0.71484375 0.0515625 0.0859375
34 0.2078125 0.72265625 0.053125 0.0859375
34 0.15234375 0.73359375 0.053125 0.0859375