41 0.45703125 0.50390625 0.05625 0.0703125
32 0.896875 0.44375 0.0546875 0.059375
32 0.84140625 0.45234375 0.05 0.0671875
32 0.7890625 0.46328125 0.0515625 0.065625
22 0.73359375 0.46796875 0.05625 0.065625
23 0.6796875 0.48125 0.05 0.071875
24 0.6234375 0.4875 0.0578125 0.075
25 0.56875 0.49453125 0.05 0.0765625
25 0.5140625 0.5 0.05 0.075
21 0.39921875 0.5109375 0.0515625 0.06875
21 0.34453125 0.51484375 0.05 0.06875
21 0.2875 0.52109375 0.053125 0.06875
21 0.23125 0.52734375 0.0515625 0.0671875
18 0.17734375 0.5296875 0.053125 0.06875
19 0.11796875 0.53828125 0.0453125 0.06875
20 0.0625 0.54453125 0.0421875 0.06875