17 0.86875 0.56015625 0.1078125 0.1671875
17 0.77734375 0.57109375 0.10625 0.16875
17 0.684375 0.5828125 0.1140625 0.175
16 0.5890625 0.59375 0.1125 0.175
15 0.49453125 0.60234375 0.1109375 0.171875
14 0.39921875 0.61328125 0.1109375 0.1734375
13 0.303125 0.62578125 0.1125 0.175
12 0.20546875 0.63828125 0.109375 0.1703125
12 0.66640625 0.41953125 0.109375 0.16875
12 0.57265625 0.4296875 0.109375 0.165625
11 0.10703125 0.64921875 0.109375 0.1703125
11 0.478125 0.44140625 0.109375 0.16875
10 0.38359375 0.45 0.109375 0.1671875
9 0.28828125 0.46015625 0.109375 0.171875