41 0.358037190625 0.3275796265625 0.359003759375 0.32147695781249996 0.330493771875 0.3165371515625 0.308547221875 0.313061159375 0.278143484375 0.38748850625000003 0.31595415781249997 0.3949151171875 0.3335240953125 0.39769792187499997 0.358037190625 0.3275796265625
40 0.30171627968750003 0.3136121640625 0.3022109796875 0.31048875625 0.25154878593749996 0.301710728125 0.2187255859375 0.37476969531250004 0.27226138906249997 0.3832489328125 0.30171627968750003 0.3136121640625
28 0.24600244375 0.305799990625 0.24665762500000002 0.30166333437500004 0.19527001718749998 0.2926187359375 0.16111397031250002 0.36661744375 0.2132683765625 0.375041575 0.24600244375 0.305799990625
27 0.1564593484375 0.36016176093749996 0.1894015171875 0.2936004734375 0.19052917656249999 0.28648070468750003 0.1401450640625 0.2776127265625 0.102186659375 0.3481044328125 0.154919609375 0.359917890625 0.1564593484375 0.36016176093749996
34 0.529690384375 0.416111796875 0.5407872031250001 0.3623382296875 0.5448643843750001 0.336595921875 0.48979929687499996 0.32852652656250003 0.470984228125 0.40549215624999996 0.5115452875 0.41323789531250005 0.529690384375 0.416111796875
34 0.4822895546875 0.342137728125 0.4840844421875 0.3308052546875 0.4287199484375 0.3212425671875 0.405525775 0.39802803125 0.46641924531249995 0.40767260937499994 0.4822895546875 0.342137728125
34 0.4220624671875 0.3328564734375 0.423277821875 0.325183028125 0.36674942499999996 0.31495685625 0.341210684375 0.3894234984375 0.40149905625000004 0.3989722375 0.4220624671875 0.3328564734375
31 0.9506613453125 0.6211340671875 0.95111093125 0.6182954953124999 0.94018235625 0.5190947796875001 0.939641378125 0.519009096875 0.875121325 0.5099179687500001 0.8789680453125 0.6106458984375001 0.9057636453125 0.6148899046875 0.9506613453125 0.6211340671875
31 0.8192907140625 0.6027759140625 0.8703195750000001 0.6090052171875 0.870760034375 0.606224271875 0.86496776875 0.5096419421875 0.799907796875 0.5004747359375 0.80037944375 0.5997806625 0.8192907140625 0.6027759140625
17 0.759077384375 0.6011489437499999 0.7918391734375 0.6051005703125 0.7924500703125 0.601243515625 0.7909245640625 0.508585346875 0.725864590625 0.4994181375 0.7230311 0.5954397734375 0.759077384375 0.6011489437499999
17 0.6452416609375 0.5831191359375001 0.7113983171875 0.5935973203125 0.714777896875 0.5722594953125 0.717495453125 0.49852063593749996 0.654847440625 0.49027386875 0.6452416609375 0.5831191359375001
17 0.6369055140625 0.5844923750000001 0.63852818125 0.5742472640625 0.6453322781249999 0.4882148828125 0.63436571875 0.48647795 0.5827072265625 0.47967780781249997 0.5682832437500001 0.5740940734375 0.60976878125 0.5806647375 0.6369055140625 0.5844923750000001
13 0.5002797640625001 0.55224954375 0.5644672109375 0.5624158359375 0.566094571875 0.55214108125 0.5785298296875 0.469705171875 0.5158818187499999 0.46145840937499993 0.5002797640625001 0.55224954375
13 0.4912005609375 0.55555746875 0.5061685546875 0.46105328125 0.446947865625 0.45390289531250005 0.42842983125 0.5456155625 0.4912005609375 0.55555746875
13 0.42408727187500006 0.540108046875 0.43924787656250003 0.46406907343750003 0.44214485937500003 0.445778240625 0.38334553437499996 0.43891938750000004 0.36020225 0.5300634453125 0.415423503125 0.53880963125 0.42408727187500006 0.540108046875
12 0.3550845984375 0.5271202703125 0.373438725 0.45007874843750006 0.37586400000000003 0.43476616718749994 0.317521571875 0.4279606125 0.28909529218749996 0.5172192328125 0.32750076875 0.5233020625 0.3550845984375 0.5271202703125
11 0.3082573171875 0.44211321249999996 0.310028271875 0.43093184687499997 0.25196849062500004 0.424159259375 0.2211783703125 0.5112081796875 0.2849284609375 0.5213052015625 0.3082573171875 0.44211321249999996
10 0.2227567171875 0.4997199140625 0.25044593437499996 0.4175798046875 0.251640059375 0.41004039375 0.22974560156249998 0.4065726515625 0.193920315625 0.4019231875 0.1598613578125 0.49042268125 0.19239893749999998 0.4955761265625 0.2227567171875 0.4997199140625