32 0.90234375 0.53359375 0.0734375 0.1140625
32 0.840625 0.525 0.0765625 0.115625
32 0.77734375 0.51484375 0.0734375 0.1109375
8 0.7140625 0.50625 0.0765625 0.1140625
8 0.6484375 0.49765625 0.0765625 0.1140625
8 0.5828125 0.48828125 0.075 0.1140625
7 0.5203125 0.4765625 0.0734375 0.1125
6 0.45546875 0.46875 0.0765625 0.1140625
5 0.39140625 0.46015625 0.075 0.115625
5 0.3265625 0.44921875 0.078125 0.1140625
4 0.259375 0.43984375 0.0796875 0.1125
3 0.1921875 0.42890625 0.078125 0.115625
0 0.125 0.4203125 0.0734375 0.1140625
0 0.0578125 0.40859375 0.0765625 0.1203125