7 0.305750121875 0.43901150624999996 0.313036809375 0.3882991453125 0.31189385625 0.38108282187500003 0.2489878140625 0.3873320546875 0.23683871875 0.44943763593749997 0.2493124359375 0.4479503578125 0.305750121875 0.43901150624999996
6 0.2318748984375 0.444384284375 0.242255521875 0.39087305156249996 0.241378490625 0.38533568906250004 0.1801805453125 0.393577009375 0.1669606109375 0.450410503125 0.21099745468750003 0.447690946875 0.2318748984375 0.444384284375
5 0.172121875 0.3975359953125 0.1712277484375 0.39189070312499996 0.1326697234375 0.3968177703125 0.11192051249999999 0.4001041234375 0.09674793125 0.45626247343750004 0.15140131875 0.45238411718749993 0.1601156734375 0.4510039 0.172121875 0.3975359953125
1 0.308626959375 0.5129087671875 0.3163454546875 0.449141940625 0.3162640046875 0.4486276875 0.2492761625 0.45578564843749997 0.23630582968749997 0.5213438015625 0.273224015625 0.5185160421874999 0.308626959375 0.5129087671875
1 0.2315461265625 0.5140433343749999 0.2418840234375 0.4584449640625 0.24055073125 0.4500268890625 0.17722468281249998 0.45717649375 0.1590060859375 0.5249178484375 0.1732281265625 0.5232799984375001 0.2315461265625 0.5140433343749999
1 0.1687232109375 0.46597155468749996 0.16774203125 0.45977663125 0.103951315625 0.46697870156250004 0.083004684375 0.534406034375 0.1553986984375 0.5229399484374999 0.1687232109375 0.46597155468749996
3 0.3053967375 0.5988471296875 0.313280275 0.5296712453125 0.312403059375 0.5241327234375001 0.2406524515625 0.5310438484375 0.2252293078125 0.6063562671875 0.2934095359375 0.600745715625 0.3053967375 0.5988471296875
3 0.2155153 0.5988451593749999 0.23183791562499997 0.524863040625 0.2314092640625 0.5221566328125 0.15905396562500002 0.5305316296875 0.139969596875 0.606783890625 0.20580965 0.600382384375 0.2155153 0.5988451593749999
3 0.1520386734375 0.540417271875 0.150902940625 0.5332465390625 0.0805704203125 0.5413874437499999 0.05753403124999999 0.6195854578125 0.1345409703125 0.6083148828125 0.1520386734375 0.540417271875
41 0.17645318125 0.614658746875 0.175513475 0.608725671875 0.09814724687500001 0.6198429328125 0.080610775 0.7119665890625 0.1648557125 0.6986235015625 0.17645318125 0.614658746875
30 0.253588909375 0.703553265625 0.27426789218750003 0.6129676203125001 0.2738912046875 0.6105893046875 0.19420210468750002 0.61248238125 0.1661247984375 0.7092386609375 0.23423923593749998 0.7066179531250001 0.253588909375 0.703553265625
6 0.96088704375 0.3435463671875 0.929451028125 0.28911389062500004 0.877851821875 0.296194265625 0.859458625 0.2991074625 0.8877839515625 0.357931246875 0.93908445625 0.351357015625 0.9615603078125 0.34779719062500003 0.96088704375 0.3435463671875
5 0.811036125 0.3675134703125 0.8670676546875 0.359599403125 0.8839082984375001 0.3569321078125 0.8832867343749999 0.3530077015625 0.8576806375 0.298324415625 0.7865193781250001 0.307690478125 0.811036125 0.3675134703125
4 0.73216575 0.3825477421875 0.8085328390625 0.370452384375 0.8085157453124999 0.3703444546875 0.785622934375 0.31362454687499997 0.7146376640625001 0.32317108125 0.73216575 0.3825477421875
35 0.6546972453125 0.3853256875 0.7268165890625 0.37390310625 0.7250422515625 0.3627003828125 0.710845221875 0.3172656359375 0.6423563015625 0.32662511250000004 0.6546972453125 0.3853256875
35 0.65190603125 0.3903586609375 0.6443584421875 0.3427050578125 0.641217084375 0.3279662 0.5724305671875001 0.338661515625 0.5810486203125 0.398883546875 0.65190603125 0.3903586609375