13 0.7921875 0.503125 0.109375 0.15625
13 0.71171875 0.521875 0.109375 0.153125
13 0.63203125 0.54140625 0.1109375 0.153125
12 0.55234375 0.56171875 0.109375 0.1546875
12 0.471875 0.58203125 0.1140625 0.1578125
11 0.39140625 0.603125 0.1140625 0.15625
11 0.309375 0.6234375 0.1140625 0.15625
11 0.22734375 0.64296875 0.1140625 0.1578125
10 0.67421875 0.38515625 0.109375 0.1546875
10 0.5953125 0.40390625 0.1125 0.15625
10 0.515625 0.42421875 0.1109375 0.1546875
9 0.4359375 0.44453125 0.1125 0.153125
9 0.35546875 0.4640625 0.1125 0.153125
9 0.27421875 0.48359375 0.1109375 0.1546875