23 0.975 0.75625 0.05 0.09375
23 0.915625 0.76171875 0.0578125 0.090625
7 0.85390625 0.76953125 0.0578125 0.096875
7 0.790625 0.771875 0.05625 0.096875
7 0.72578125 0.77890625 0.0515625 0.096875
12 0.6609375 0.78671875 0.05625 0.0953125
12 0.6015625 0.790625 0.0546875 0.090625
12 0.5390625 0.79609375 0.0546875 0.0953125
32 0.47421875 0.8046875 0.05625 0.0828125
32 0.41328125 0.8109375 0.0609375 0.090625
32 0.346875 0.81171875 0.059375 0.090625
1 0.2828125 0.8140625 0.05 0.103125
1 0.21953125 0.82109375 0.0515625 0.1015625
1 0.15390625 0.82578125 0.0484375 0.1
28 0.0890625 0.83125 0.05625 0.1