30 0.91875 0.77109375 0.0609375 0.09375
29 0.8640625 0.7671875 0.0609375 0.0921875
40 0.809375 0.759375 0.0609375 0.09375
7 0.75390625 0.75078125 0.0609375 0.09375
7 0.70078125 0.74609375 0.059375 0.0953125
7 0.646875 0.73828125 0.0609375 0.0921875
5 0.59296875 0.7328125 0.059375 0.0921875
5 0.54140625 0.72734375 0.0578125 0.0921875
5 0.48828125 0.72109375 0.0609375 0.090625
5 0.43671875 0.7140625 0.059375 0.09375
8 0.38515625 0.70625 0.059375 0.0921875
8 0.33203125 0.70078125 0.0609375 0.0921875
33 0.28046875 0.6953125 0.0609375 0.0953125
33 0.22890625 0.690625 0.059375 0.09375
33 0.17734375 0.68515625 0.059375 0.0921875
37 0.1265625 0.6765625 0.0578125 0.090625
37 0.075 0.6734375 0.059375 0.0921875
37 0.0234375 0.66640625 0.046875 0.0890625