41 0.103125 0.45703125 0.046875 0.0671875
30 0.1453125 0.453125 0.0421875 0.0671875
21 0.1890625 0.44765625 0.0453125 0.0609375
21 0.2328125 0.44609375 0.04375 0.0703125
21 0.27734375 0.4421875 0.0453125 0.0734375
4 0.325 0.4375 0.05 0.0765625
4 0.3734375 0.43203125 0.053125 0.0765625
4 0.425 0.42734375 0.05 0.071875
26 0.47734375 0.42265625 0.05625 0.0796875
26 0.5328125 0.41796875 0.059375 0.078125
2 0.58828125 0.41484375 0.053125 0.078125
2 0.64921875 0.41015625 0.059375 0.0859375
2 0.7140625 0.4046875 0.0625 0.0859375
17 0.7765625 0.4 0.0625 0.0875
17 0.84609375 0.3921875 0.065625 0.0890625
17 0.91484375 0.38828125 0.0703125 0.0921875