26 0.90703125 0.53046875 0.075 0.1125
25 0.84609375 0.540625 0.0765625 0.1125
24 0.78515625 0.55390625 0.0765625 0.1125
23 0.7234375 0.565625 0.0796875 0.1125
23 0.6609375 0.57734375 0.0796875 0.115625
22 0.59765625 0.58828125 0.08125 0.1171875
21 0.534375 0.59921875 0.08125 0.11875
20 0.47109375 0.6125 0.0828125 0.11875
20 0.40703125 0.625 0.084375 0.1203125
20 0.3421875 0.6375 0.0828125 0.1203125
20 0.2765625 0.6515625 0.0859375 0.1234375
18 0.209375 0.66328125 0.0859375 0.1203125
18 0.14375 0.675 0.0859375 0.121875
18 0.07734375 0.6875 0.0875 0.1203125