36 0.76484375 0.66328125 0.059375 0.0765625
36 0.70703125 0.65390625 0.05625 0.0703125
36 0.6484375 0.64921875 0.0609375 0.0765625
36 0.59375 0.6375 0.0625 0.0765625
2 0.8859375 0.67734375 0.06875 0.0984375
2 0.8234375 0.67109375 0.071875 0.1015625
5 0.30546875 0.60234375 0.0640625 0.09375
4 0.2484375 0.5953125 0.0578125 0.0921875
8 0.5328125 0.6296875 0.05625 0.0828125
8 0.1921875 0.5828125 0.05625 0.0875
7 0.4765625 0.62421875 0.0671875 0.0984375
7 0.1359375 0.58203125 0.05625 0.090625
6 0.41953125 0.615625 0.0609375 0.090625
6 0.36015625 0.6078125 0.0609375 0.09375
6 0.0734375 0.5703125 0.0640625 0.0921875