39 0.8671875 0.68828125 0.0796875 0.1234375
8 0.80234375 0.678125 0.071875 0.1171875
8 0.74296875 0.65859375 0.0671875 0.115625
8 0.68203125 0.659375 0.06875 0.115625
6 0.621875 0.653125 0.0625 0.109375
5 0.5640625 0.63984375 0.0640625 0.1140625
4 0.50703125 0.6359375 0.065625 0.109375
2 0.446875 0.6296875 0.0609375 0.109375
1 0.390625 0.6140625 0.0609375 0.109375
0 0.33203125 0.61015625 0.0578125 0.1015625
34 0.27421875 0.6 0.053125 0.1015625
34 0.21640625 0.59765625 0.0546875 0.1109375
35 0.15859375 0.59140625 0.0515625 0.096875
35 0.09921875 0.57890625 0.05 0.1015625
35 0.04296875 0.5703125 0.0484375 0.0953125