7 0.78984375 0.60234375 0.0828125 0.14375
7 0.70546875 0.603125 0.0828125 0.14375
7 0.6203125 0.60390625 0.0828125 0.1453125
6 0.53515625 0.60546875 0.084375 0.1453125
5 0.45078125 0.60625 0.0859375 0.1453125
5 0.365625 0.60859375 0.0859375 0.1453125
4 0.27890625 0.6109375 0.0890625 0.146875
3 0.190625 0.6125 0.0921875 0.146875
3 0.6984375 0.4578125 0.084375 0.1453125
2 0.6140625 0.45703125 0.084375 0.1421875
1 0.5296875 0.45859375 0.084375 0.1421875
2 0.446875 0.4609375 0.084375 0.1421875
1 0.36171875 0.4625 0.0875 0.14375
0 0.27578125 0.46015625 0.0875 0.1421875