41 0.09765625 0.4703125 0.0578125 0.065625
40 0.04453125 0.4625 0.0671875 0.071875
22 0.896875 0.6515625 0.06875 0.08125
22 0.8390625 0.6375 0.0609375 0.0734375
22 0.78125 0.62734375 0.0625 0.075
18 0.72421875 0.61484375 0.0640625 0.0765625
18 0.66796875 0.6 0.0609375 0.071875
1 0.6125 0.5890625 0.059375 0.0703125
1 0.55703125 0.57421875 0.0578125 0.0703125
1 0.50390625 0.56171875 0.053125 0.0734375
4 0.45234375 0.5484375 0.0546875 0.0671875
4 0.3984375 0.5390625 0.0546875 0.071875
4 0.34765625 0.5296875 0.0578125 0.0734375
21 0.29453125 0.515625 0.0546875 0.0578125
21 0.2453125 0.5046875 0.0484375 0.0546875
21 0.19609375 0.49375 0.0546875 0.0578125
21 0.14609375 0.4828125 0.0546875 0.059375