16 0.815625 0.67265625 0.1046875 0.153125
16 0.734375 0.6546875 0.1078125 0.1578125
16 0.6546875 0.63828125 0.109375 0.1546875
13 0.57265625 0.61875 0.109375 0.1546875
14 0.49140625 0.60078125 0.1078125 0.1546875
14 0.40859375 0.5828125 0.109375 0.1578125
14 0.32578125 0.56484375 0.1125 0.1578125
13 0.24140625 0.5484375 0.1125 0.1578125
12 0.1578125 0.52890625 0.1125 0.15625
10 0.68125 0.49453125 0.1046875 0.1515625
10 0.60078125 0.47734375 0.1078125 0.1515625
11 0.51953125 0.459375 0.1078125 0.1515625
10 0.43984375 0.4421875 0.1078125 0.1515625
9 0.359375 0.42265625 0.10625 0.153125