11 0.8703125 0.3984375 0.071875 0.134375
11 0.815625 0.41015625 0.071875 0.1359375
12 0.76171875 0.41953125 0.0734375 0.1375
13 0.70859375 0.4328125 0.075 0.1375
14 0.65625 0.44375 0.0765625 0.1375
15 0.60390625 0.453125 0.075 0.134375
16 0.553125 0.4625 0.0734375 0.1359375
17 0.5015625 0.475 0.075 0.1375
32 0.4515625 0.48515625 0.075 0.1359375
32 0.40234375 0.49453125 0.0703125 0.1328125
32 0.35234375 0.503125 0.075 0.13125
35 0.3015625 0.5125 0.071875 0.13125
35 0.25234375 0.52265625 0.06875 0.134375
35 0.203125 0.53359375 0.0703125 0.1328125
29 0.15390625 0.54375 0.0671875 0.1296875
41 0.10625 0.55234375 0.071875 0.13125
40 0.0609375 0.5609375 0.065625 0.1296875