32 0.765625 0.50859375 0.059375 0.071875
32 0.70625 0.49921875 0.0578125 0.071875
32 0.64765625 0.48671875 0.059375 0.06875
4 0.8875 0.53359375 0.0640625 0.075
4 0.825 0.52265625 0.0640625 0.0734375
6 0.59296875 0.4796875 0.05625 0.06875
6 0.53828125 0.46875 0.05625 0.06875
6 0.484375 0.46171875 0.0546875 0.06875
6 0.43203125 0.4515625 0.053125 0.06875
16 0.38203125 0.440625 0.0515625 0.0640625
16 0.33046875 0.43125 0.053125 0.0671875
16 0.28125 0.42265625 0.046875 0.0671875
25 0.2359375 0.4140625 0.05 0.065625
25 0.18671875 0.4046875 0.0546875 0.06875
25 0.14140625 0.3984375 0.05625 0.06875
29 0.09296875 0.38828125 0.0453125 0.0671875