40 0.06015625 0.465625 0.0796875 0.1140625
20 0.9421875 0.63046875 0.0734375 0.115625
20 0.8796875 0.61953125 0.071875 0.1140625
21 0.815625 0.60234375 0.0734375 0.1140625
22 0.75390625 0.5921875 0.0734375 0.1140625
23 0.6921875 0.58203125 0.0734375 0.1109375
23 0.62890625 0.56875 0.0703125 0.1125
24 0.5671875 0.55859375 0.0734375 0.109375
25 0.5046875 0.54453125 0.0703125 0.1125
24 0.44140625 0.53359375 0.0703125 0.1140625
25 0.37734375 0.5203125 0.0671875 0.1125
26 0.3125 0.509375 0.0734375 0.1140625
19 0.24765625 0.4984375 0.0640625 0.1078125
19 0.18671875 0.48671875 0.0671875 0.1046875
19 0.121875 0.47265625 0.0640625 0.1078125