25 0.9515625 0.6171875 0.0734375 0.1171875
24 0.88359375 0.6265625 0.0796875 0.11875
23 0.81171875 0.62578125 0.078125 0.1203125
34 0.7421875 0.6375 0.0796875 0.121875
34 0.67421875 0.65 0.0796875 0.11875
34 0.6078125 0.65859375 0.0796875 0.1171875
26 0.53984375 0.66328125 0.078125 0.1171875
25 0.47421875 0.67265625 0.078125 0.1171875
24 0.4078125 0.67890625 0.0796875 0.1203125
21 0.340625 0.6875 0.08125 0.11875
21 0.27578125 0.69375 0.078125 0.1140625
20 0.20859375 0.70234375 0.08125 0.115625
19 0.14296875 0.71015625 0.08125 0.11875
18 0.07734375 0.71796875 0.071875 0.11875