29 0.1234375 0.57421875 0.046875 0.075
38 0.06953125 0.5796875 0.0609375 0.0828125
8 0.9125 0.5640625 0.0609375 0.084375
8 0.85234375 0.57109375 0.0578125 0.090625
4 0.79296875 0.571875 0.0578125 0.0890625
5 0.73515625 0.57109375 0.0546875 0.0875
6 0.67734375 0.57109375 0.0546875 0.084375
2 0.6203125 0.57421875 0.0546875 0.0859375
1 0.56328125 0.57421875 0.0546875 0.0890625
0 0.5078125 0.57578125 0.05 0.0875
0 0.453125 0.57421875 0.053125 0.0890625
0 0.39609375 0.57734375 0.0515625 0.0921875
0 0.340625 0.578125 0.05 0.090625
6 0.2859375 0.57890625 0.05 0.0859375
5 0.234375 0.5796875 0.053125 0.084375
4 0.1796875 0.58046875 0.0515625 0.08125