41 0.18332066875 0.32763412187499996 0.18461021093750002 0.321 0.1169025015625 0.31012996249999997 0.0731780609375 0.36769012968750003 0.1470724 0.382053734375 0.18332066875 0.32763412187499996
26 0.4010089859375 0.3787256859375 0.40382019687500004 0.3642632640625 0.3329627484375 0.351434984375 0.3026766890625 0.41389188906249996 0.38321902343750003 0.4295477328125 0.4010089859375 0.3787256859375
25 0.3018855859375 0.415329859375 0.3312239078125 0.3528643765625 0.3314985875 0.351451275 0.2609189265625 0.33912637343749996 0.22677438125 0.39958335312500004 0.27178757343750004 0.409479396875 0.3018855859375 0.415329859375
24 0.25848806562500004 0.3421834390625 0.25901265625000003 0.33948465 0.18754126875 0.326346290625 0.1474969953125 0.38531975625000003 0.22601124218750002 0.40058137968749996 0.25848806562500004 0.3421834390625
23 0.3682417015625 0.4490329421875 0.37190564375 0.4301835984375 0.300251371875 0.41607543593749996 0.267546784375 0.491425803125 0.3494585875 0.5073478453125 0.3682417015625 0.4490329421875
23 0.26542422499999996 0.49291347500000005 0.2969924078125 0.4225155546875 0.2983822765625 0.4153653015625 0.22177952343750001 0.40125181093749995 0.1807094796875 0.47772983125 0.2289096484375 0.4870989953125 0.26542422499999996 0.49291347500000005
23 0.17855926718749998 0.47890361718749996 0.2171535234375 0.40743250625 0.21830371249999997 0.4015153015625 0.1427568625 0.386155184375 0.09272532343749999 0.46198580624999996 0.1276822234375 0.469014121875 0.17855926718749998 0.47890361718749996
20 0.3438024125 0.5174404671875 0.3456463140625 0.50795441875 0.26172443749999996 0.4924862734375 0.22455350156249998 0.580165190625 0.3174804515625 0.598228359375 0.3438024125 0.5174404671875
20 0.259435965625 0.501083259375 0.260636896875 0.49490500156249995 0.174721765625 0.480302753125 0.1308419703125 0.5651330046874999 0.223492303125 0.5831424046875 0.259435965625 0.501083259375
20 0.170247915625 0.4849645953125 0.1710945078125 0.4806092609375 0.08986068124999999 0.4622122046875 0.0372240015625 0.5469355140625 0.128960571875 0.564767296875 0.170247915625 0.4849645953125
32 0.8625294968749999 0.6102622171875 0.9526842656250001 0.627786528125 0.9534657671875 0.62376605 0.933358484375 0.540102778125 0.8515465171875001 0.5252812109375 0.8625294968749999 0.6102622171875
32 0.8619171609375 0.6116025828125 0.8625032703125 0.608587309375 0.8514726125 0.52413058125 0.7670860265624999 0.5075597843749999 0.77129459375 0.5955956109375 0.8619171609375 0.6116025828125
32 0.679399178125 0.5794405234375 0.7472292515625 0.5926253531250001 0.77084893125 0.5969677890625 0.7711087812499999 0.5956309734375 0.7664083328125 0.5106741109375 0.6855718671875 0.49521831250000004 0.685420734375 0.4959958203125 0.679399178125 0.5794405234375
22 0.5904971640625 0.562159721875 0.675707203125 0.5787228765625 0.6791769421875 0.56087261875 0.6830391671875 0.49810895625 0.6026585546875001 0.48230488125 0.5904971640625 0.562159721875
22 0.514262921875 0.552116521875 0.5858528234375 0.5660321875000001 0.6016910796875 0.48455141875 0.5202602796875 0.46774695624999996 0.5027247703125 0.5497743453124999 0.514262921875 0.552116521875