31 0.83203125 0.45234375 0.0578125 0.065625
31 0.771875 0.45 0.053125 0.0640625
31 0.71171875 0.44609375 0.0546875 0.0734375
10 0.65234375 0.4421875 0.05625 0.071875
10 0.59453125 0.43203125 0.046875 0.0609375
10 0.53671875 0.42890625 0.05 0.0671875
16 0.478125 0.42578125 0.046875 0.05625
16 0.4234375 0.42265625 0.0515625 0.0640625
16 0.36875 0.42109375 0.046875 0.0640625
16 0.31484375 0.4125 0.0453125 0.059375
5 0.26328125 0.409375 0.0546875 0.0625
5 0.2140625 0.40703125 0.053125 0.0625
5 0.15859375 0.40390625 0.0515625 0.0640625
0 0.89296875 0.45546875 0.05625 0.0734375
0 0.95390625 0.45859375 0.0578125 0.0703125