24 0.90390625 0.5328125 0.0765625 0.0890625
24 0.8359375 0.52890625 0.0671875 0.0875
24 0.76875 0.52578125 0.06875 0.0875
10 0.70625 0.521875 0.0640625 0.09375
10 0.64296875 0.51796875 0.06875 0.0921875
10 0.5765625 0.5125 0.0640625 0.0921875
14 0.5125 0.50546875 0.0625 0.0890625
14 0.44609375 0.49921875 0.0640625 0.090625
14 0.37890625 0.49609375 0.0609375 0.09375
14 0.31484375 0.4859375 0.059375 0.090625
12 0.24765625 0.4796875 0.0578125 0.0859375
12 0.18125 0.47265625 0.0609375 0.0875
12 0.1125 0.4671875 0.0625 0.0890625
9 0.66015625 0.39375 0.0671875 0.0859375
9 0.59765625 0.38828125 0.0640625 0.0875