14 0.925 0.625 0.0578125 0.0765625
14 0.859375 0.609375 0.0546875 0.078125
16 0.79609375 0.59453125 0.0546875 0.0765625
12 0.73203125 0.5796875 0.0546875 0.071875
12 0.659375 0.56328125 0.0578125 0.0828125
10 0.60390625 0.5515625 0.05625 0.0828125
16 0.55 0.53984375 0.0546875 0.078125
15 0.48515625 0.52265625 0.0546875 0.0765625
10 0.42734375 0.50859375 0.0515625 0.075
9 0.3578125 0.49453125 0.053125 0.0734375
14 0.28984375 0.47734375 0.0578125 0.0796875
9 0.215625 0.46328125 0.0546875 0.0828125
13 0.146875 0.4421875 0.05 0.075
16 0.065625 0.425 0.0515625 0.0765625