27 0.1859375 0.59921875 0.0828125 0.1265625
9 0.3515625 0.3984375 0.0828125 0.121875
9 0.421875 0.3859375 0.0828125 0.121875
14 0.48984375 0.375 0.0796875 0.115625
15 0.5578125 0.36484375 0.078125 0.1171875
16 0.6265625 0.35390625 0.08125 0.11875
16 0.2609375 0.5875 0.078125 0.1203125
16 0.33515625 0.57265625 0.08125 0.121875
16 0.40859375 0.559375 0.078125 0.1171875
31 0.48359375 0.54453125 0.075 0.1109375
31 0.55390625 0.5296875 0.075 0.1125
31 0.62265625 0.51640625 0.078125 0.115625
13 0.69765625 0.50625 0.0765625 0.115625
13 0.77109375 0.49453125 0.08125 0.1171875
13 0.84453125 0.47890625 0.084375 0.11875