30 0.88203125 0.8203125 0.0703125 0.0984375
29 0.82890625 0.809375 0.0703125 0.096875
40 0.77578125 0.7953125 0.0703125 0.0984375
7 0.721875 0.7796875 0.0703125 0.0984375
7 0.66875 0.76796875 0.06875 0.0984375
7 0.6171875 0.7546875 0.0703125 0.096875
5 0.5640625 0.7421875 0.06875 0.096875
5 0.51328125 0.73046875 0.0671875 0.096875
5 0.46171875 0.71796875 0.0703125 0.0953125
5 0.4109375 0.7046875 0.06875 0.0984375
8 0.3609375 0.690625 0.06875 0.096875
8 0.30859375 0.67890625 0.0703125 0.096875
33 0.25859375 0.6671875 0.0703125 0.1
33 0.20703125 0.65625 0.06875 0.0984375
33 0.15703125 0.64453125 0.06875 0.096875
37 0.1078125 0.6296875 0.0671875 0.0953125
37 0.05703125 0.6203125 0.06875 0.096875
37 0.01796875 0.60703125 0.0359375 0.0921875