17 0.91328125 0.496875 0.05625 0.115625
16 0.8515625 0.5078125 0.0625 0.13125
15 0.7875 0.50859375 0.05625 0.1265625
15 0.7265625 0.509375 0.059375 0.1265625
14 0.66484375 0.50859375 0.0609375 0.128125
13 0.6 0.5125 0.0671875 0.1328125
12 0.53359375 0.5171875 0.06875 0.128125
11 0.4671875 0.51875 0.0640625 0.1375
10 0.39921875 0.52109375 0.0609375 0.134375
11 0.3328125 0.5265625 0.0625 0.1328125
10 0.26484375 0.52890625 0.0640625 0.1328125
9 0.1953125 0.5328125 0.0546875 0.1296875
9 0.12265625 0.540625 0.0625 0.1234375
9 0.05078125 0.5359375 0.0625 0.13125