38 0.08359375 0.54609375 0.0640625 0.0703125
40 0.1375 0.5421875 0.0625 0.071875
19 0.1859375 0.53359375 0.0453125 0.0671875
19 0.23671875 0.52734375 0.0484375 0.06875
19 0.28984375 0.51953125 0.053125 0.075
1 0.3453125 0.509375 0.05 0.0734375
1 0.3984375 0.4984375 0.0484375 0.06875
1 0.45546875 0.4890625 0.0515625 0.071875
6 0.509375 0.47734375 0.05625 0.071875
6 0.56953125 0.46953125 0.0578125 0.075
6 0.62890625 0.4609375 0.0609375 0.075
22 0.68984375 0.4484375 0.0578125 0.0671875
22 0.7515625 0.4375 0.0578125 0.0703125
25 0.81875 0.42890625 0.0640625 0.075
25 0.88046875 0.4203125 0.0640625 0.0796875
25 0.94609375 0.40703125 0.059375 0.0765625