37 0.87734375 0.53203125 0.059375 0.1046875
37 0.815625 0.5296875 0.059375 0.1015625
37 0.753125 0.528125 0.0609375 0.10625
36 0.68984375 0.528125 0.0625 0.1046875
36 0.62890625 0.528125 0.0625 0.1046875
36 0.565625 0.52578125 0.0609375 0.1046875
25 0.5046875 0.52578125 0.0609375 0.1046875
25 0.44296875 0.5234375 0.059375 0.103125
25 0.38203125 0.52421875 0.0625 0.1015625
24 0.31875 0.521875 0.0640625 0.1046875
23 0.25625 0.5203125 0.0625 0.1046875
19 0.19453125 0.51796875 0.0625 0.10625
19 0.13125 0.51796875 0.0609375 0.103125
19 0.06796875 0.515625 0.059375 0.1