3 0.90234375 0.478125 0.05625 0.0625
5 0.84375 0.4859375 0.0609375 0.0703125
13 0.7765625 0.490625 0.05 0.0765625
11 0.71328125 0.49609375 0.05 0.075
33 0.65 0.5015625 0.0453125 0.0671875
36 0.5796875 0.50390625 0.0484375 0.06875
35 0.51171875 0.5109375 0.05 0.0703125
31 0.44296875 0.51484375 0.053125 0.071875
35 0.375 0.521875 0.0625 0.0765625
33 0.303125 0.52578125 0.059375 0.071875
37 0.2328125 0.534375 0.0671875 0.0828125
37 0.16171875 0.540625 0.06875 0.0796875
32 0.0921875 0.546875 0.0546875 0.0671875