31 0.89140625 0.4125 0.075 0.1109375
31 0.83046875 0.4234375 0.0734375 0.1125
31 0.76875 0.43515625 0.075 0.1125
33 0.70546875 0.4453125 0.078125 0.1109375
33 0.6421875 0.4578125 0.078125 0.1140625
33 0.58046875 0.46875 0.0734375 0.1109375
35 0.515625 0.47734375 0.075 0.1109375
35 0.45234375 0.4890625 0.0765625 0.1140625
35 0.38828125 0.5 0.075 0.1109375
8 0.3234375 0.51171875 0.0765625 0.115625
8 0.2578125 0.52109375 0.0765625 0.115625
0 0.1921875 0.53515625 0.0765625 0.1109375
0 0.12734375 0.54609375 0.0765625 0.1125
0 0.06015625 0.5578125 0.0765625 0.1171875