16 0.8828125 0.55234375 0.0640625 0.103125
16 0.825 0.559375 0.0671875 0.10625
16 0.765625 0.56640625 0.0671875 0.10625
15 0.70703125 0.57421875 0.06875 0.1046875
15 0.64765625 0.58203125 0.0703125 0.1078125
15 0.58828125 0.58828125 0.071875 0.10625
14 0.52890625 0.59375 0.06875 0.10625
14 0.4703125 0.60234375 0.071875 0.1078125
12 0.41015625 0.60859375 0.071875 0.10625
12 0.3515625 0.615625 0.071875 0.10625
12 0.290625 0.6234375 0.0734375 0.1125
10 0.2296875 0.6296875 0.0734375 0.1078125
10 0.16875 0.6375 0.075 0.109375
10 0.10859375 0.64375 0.06875 0.1125