9 0.84609375 0.6703125 0.0578125 0.075
10 0.78828125 0.65625 0.0578125 0.0765625
11 0.73515625 0.64609375 0.0484375 0.0734375
36 0.6796875 0.6328125 0.0484375 0.0640625
36 0.6265625 0.6203125 0.05 0.065625
32 0.5734375 0.61640625 0.0515625 0.0671875
32 0.52109375 0.6015625 0.05 0.065625
32 0.46875 0.58984375 0.05 0.06875
14 0.41875 0.5828125 0.046875 0.0734375
15 0.36640625 0.571875 0.046875 0.0734375
16 0.3171875 0.5640625 0.04375 0.06875
17 0.2703125 0.55234375 0.0453125 0.0625
17 0.21953125 0.54375 0.046875 0.0703125
17 0.16875 0.534375 0.046875 0.06875