38 0.040625 0.6375 0.053125 0.0890625
41 0.10078125 0.63828125 0.059375 0.09375
39 0.15390625 0.640625 0.05625 0.0890625
3 0.2109375 0.6421875 0.0546875 0.0859375
3 0.2640625 0.6421875 0.046875 0.0828125
3 0.31796875 0.64609375 0.0546875 0.0859375
30 0.3671875 0.64609375 0.05 0.0859375
35 0.4234375 0.65 0.05 0.0765625
35 0.478125 0.64765625 0.05 0.0859375
35 0.52734375 0.646875 0.0484375 0.078125
7 0.58125 0.65234375 0.0546875 0.0875
6 0.6328125 0.65234375 0.05 0.084375
5 0.68515625 0.65625 0.053125 0.0859375
5 0.73828125 0.6578125 0.0578125 0.0875
4 0.790625 0.659375 0.0546875 0.0828125
2 0.840625 0.65390625 0.0484375 0.0796875
1 0.890625 0.65859375 0.046875 0.078125