32 0.940625 0.43671875 0.0828125 0.11875
32 0.875 0.4484375 0.075 0.109375
25 0.8078125 0.4625 0.071875 0.109375
24 0.7421875 0.47578125 0.08125 0.11875
23 0.67734375 0.49375 0.0796875 0.1140625
22 0.409375 0.5484375 0.0859375 0.115625
21 0.33828125 0.56328125 0.0796875 0.1171875
20 0.26796875 0.57890625 0.0859375 0.115625
6 0.609375 0.50625 0.08125 0.1171875
6 0.196875 0.59609375 0.0828125 0.1171875
5 0.54296875 0.51953125 0.078125 0.115625
5 0.12734375 0.60859375 0.084375 0.1203125
4 0.47578125 0.53515625 0.084375 0.1203125
4 0.05546875 0.62421875 0.0828125 0.125