36 0.784375 0.62421875 0.05 0.071875
36 0.7265625 0.6234375 0.0484375 0.065625
36 0.66796875 0.62734375 0.0515625 0.071875
36 0.61171875 0.6234375 0.0546875 0.0703125
2 0.90625 0.621875 0.05625 0.0921875
2 0.84375 0.625 0.059375 0.0953125
5 0.321875 0.628125 0.053125 0.0875
4 0.2640625 0.6296875 0.046875 0.0859375
8 0.55 0.6234375 0.046875 0.078125
8 0.20625 0.62421875 0.0453125 0.08125
7 0.49375 0.6265625 0.05625 0.090625
7 0.15078125 0.63203125 0.0453125 0.084375
6 0.4359375 0.62578125 0.05 0.084375
6 0.3765625 0.62578125 0.05 0.0890625
6 0.0875 0.62890625 0.053125 0.0859375