6 0.80546875 0.63984375 0.09375 0.1421875
5 0.72734375 0.62421875 0.096875 0.1453125
4 0.64609375 0.61015625 0.096875 0.1453125
6 0.5671875 0.59609375 0.096875 0.1453125
5 0.4890625 0.58125 0.096875 0.14375
4 0.409375 0.5671875 0.0984375 0.146875
7 0.3296875 0.55390625 0.1015625 0.146875
6 0.24609375 0.53828125 0.103125 0.1484375
5 0.16484375 0.52421875 0.103125 0.15
7 0.6703125 0.4734375 0.0984375 0.1421875
7 0.59140625 0.45859375 0.0953125 0.1375
2 0.51328125 0.44453125 0.096875 0.140625
2 0.4359375 0.43046875 0.1 0.1421875
2 0.35703125 0.41796875 0.1 0.1421875