34 0.89921875 0.375 0.084375 0.1203125
34 0.83828125 0.390625 0.084375 0.1171875
34 0.7765625 0.4078125 0.0859375 0.1203125
26 0.71484375 0.42421875 0.0875 0.121875
16 0.65234375 0.4421875 0.0875 0.121875
15 0.58671875 0.4546875 0.0875 0.1203125
16 0.5234375 0.4734375 0.0875 0.11875
16 0.46171875 0.48984375 0.0875 0.1203125
13 0.39921875 0.50546875 0.0875 0.11875
12 0.3359375 0.521875 0.090625 0.121875
11 0.2703125 0.53828125 0.09375 0.121875
12 0.2046875 0.55703125 0.090625 0.121875
11 0.1390625 0.57421875 0.09375 0.1234375
10 0.07265625 0.58984375 0.0875 0.1265625