30 0.0640625 0.5078125 0.0640625 0.0890625
28 0.11953125 0.5171875 0.053125 0.0765625
39 0.16484375 0.528125 0.053125 0.078125
38 0.21171875 0.53359375 0.059375 0.078125
14 0.25703125 0.54609375 0.05 0.0734375
14 0.303125 0.5546875 0.053125 0.075
14 0.35 0.5625 0.0546875 0.0734375
14 0.3953125 0.5703125 0.0515625 0.071875
35 0.5734375 0.6015625 0.0546875 0.075
35 0.6203125 0.61015625 0.05625 0.075
35 0.665625 0.61796875 0.05 0.06875
21 0.5265625 0.5953125 0.05 0.0671875
21 0.484375 0.5875 0.0453125 0.0671875
21 0.4390625 0.5765625 0.0484375 0.065625
26 0.709375 0.625 0.0546875 0.071875
26 0.75546875 0.634375 0.053125 0.071875
34 0.80078125 0.64375 0.0484375 0.0703125
34 0.84453125 0.65 0.05 0.071875
34 0.8890625 0.6578125 0.046875 0.06875