7 0.94921875 0.43046875 0.0765625 0.115625
7 0.8859375 0.44140625 0.0765625 0.1140625
6 0.825 0.45234375 0.078125 0.1203125
5 0.76171875 0.46171875 0.078125 0.11875
4 0.69765625 0.47109375 0.078125 0.1171875
3 0.63515625 0.4828125 0.078125 0.1171875
3 0.57109375 0.49375 0.0796875 0.1203125
1 0.4421875 0.5140625 0.078125 0.11875
2 0.50703125 0.5046875 0.078125 0.11875
2 0.37734375 0.525 0.08125 0.11875
2 0.31328125 0.53515625 0.0796875 0.1203125
2 0.25 0.5453125 0.0796875 0.1171875
0 0.184375 0.55703125 0.0828125 0.11875
0 0.11953125 0.56796875 0.08125 0.1140625
0 0.05546875 0.575 0.0734375 0.1203125