1 0.05390625 0.571875 0.065625 0.10625
1 0.115625 0.58203125 0.06875 0.1109375
1 0.18125 0.58828125 0.0640625 0.1046875
7 0.2453125 0.5984375 0.0671875 0.10625
7 0.309375 0.6046875 0.065625 0.1046875
7 0.37265625 0.61328125 0.0640625 0.1046875
30 0.4359375 0.62421875 0.06875 0.1078125
7 0.50078125 0.63203125 0.065625 0.1015625
5 0.56171875 0.64296875 0.065625 0.10625
6 0.625 0.646875 0.0640625 0.0984375
4 0.68671875 0.659375 0.0703125 0.1015625
3 0.746875 0.6640625 0.0671875 0.103125
33 0.81171875 0.67265625 0.0625 0.1
33 0.87109375 0.6796875 0.059375 0.0921875
31 0.5935943890625001 0.1746988921875 0.5979308015625 0.17538571249999999 0.6460674671875 0.1369300953125 0.60764824375 0.055074729687500004 0.5598382046875 0.0956182078125 0.5935943890625001 0.1746988921875
35 0.770946346875 0.12773198125000002 0.7724895484375 0.11798859375 0.7023767234375 0.09260657343749999 0.687228575 0.1590787859375 0.75548983125 0.1859180203125 0.770946346875 0.12773198125000002
35 0.6519556875 0.130155203125 0.6541859828125001 0.13050844687500002 0.699004953125 0.092529865625 0.6991398453125 0.09167819375 0.6637407468750001 0.0197014234375 0.66368456875 0.0196925265625 0.6158899328125 0.0538815015625 0.6519556875 0.130155203125