20 0.07890625 0.48828125 0.05625 0.109375
20 0.146875 0.50390625 0.059375 0.1078125
24 0.21484375 0.51171875 0.065625 0.1140625
25 0.28203125 0.51875 0.065625 0.109375
26 0.3453125 0.5265625 0.065625 0.1125
18 0.41171875 0.534375 0.0671875 0.1078125
19 0.47890625 0.5453125 0.06875 0.109375
20 0.54453125 0.55078125 0.0734375 0.109375
18 0.609375 0.5625 0.0703125 0.109375
19 0.67734375 0.56953125 0.071875 0.1078125
20 0.74296875 0.58046875 0.071875 0.1078125
21 0.81015625 0.58828125 0.06875 0.1125
22 0.87890625 0.596875 0.06875 0.10625
23 0.93984375 0.60546875 0.06875 0.1078125