16 0.9450336609375001 0.131239428125 0.9541569859375001 0.1075220875 0.9540837546875001 0.1033266125 0.9164240171875001 0.0686917109375 0.9029533171875 0.097435615625 0.9435309109375 0.1312656578125 0.9450336609375001 0.131239428125
6 0.9819161078124999 0.336877059375 0.99550780625 0.327808121875 0.99518338125 0.309221896875 0.9781858906249999 0.278441890625 0.9536841421875 0.292368528125 0.979668696875 0.33691628906250004 0.9819161078124999 0.336877059375
23 0.9579487625 0.3783978984375 0.9853695890624999 0.41964189375 0.9864610875000001 0.4196228421875 0.9983644234375 0.4107207796875 0.99794519375 0.38670309375 0.978432171875 0.35911764375 0.9579487625 0.3783978984375
8 0.9091124328125 0.378779040625 0.946223121875 0.369224934375 0.9461272624999999 0.363733109375 0.9342698078125 0.3292879140625 0.8945063875000001 0.3378396609375 0.9075902328125001 0.3788056109375 0.9091124328125 0.378779040625
19 0.9689095265625 0.22927516718750002 0.9730880624999999 0.22920223125 0.9916227140625 0.2170555859375 0.964426178125 0.17259580624999998 0.9423841515625 0.18750431875 0.9689095265625 0.22927516718750002
4 0.952336775 0.356146225 0.9591275484375 0.35602769218749997 0.9801349437500001 0.3423894234375 0.9801096046875 0.3409378109375 0.9524981578125 0.29593185625 0.9280082890625 0.310519046875 0.9280169078125 0.3110127984375 0.952336775 0.356146225
8 0.8993408328125 0.23992736718750002 0.85362056875 0.23753849531250001 0.85220395 0.23756322343749997 0.8616515437500001 0.2827177171875 0.9056312828124999 0.2819500484375 0.9054827453125001 0.27344028125 0.8993408328125 0.23992736718750002
17 0.9370834374999999 0.1860740296875 0.9536783671875 0.1696312125 0.95363665 0.1672412875 0.9186932546875 0.124613484375 0.8994996359374999 0.14689489375 0.931385496875 0.1861734875 0.9370834374999999 0.1860740296875
21 0.9597429125 0.24848120312500002 0.9596115218750001 0.2409538 0.922203284375 0.20982312187500002 0.909111328125 0.24124547812500002 0.950264165625 0.27334037968749997 0.9597429125 0.24848120312500002
20 0.88919440625 0.3275563578125 0.9032727484375 0.3258880625 0.9031998484375 0.32171165625000003 0.89233861875 0.2831706828125 0.8471516078124999 0.2878290453125 0.8594195109375 0.3280760796875 0.88919440625 0.3275563578125
12 0.9354184812499999 0.48458605156249995 0.9633776390625 0.4567145078125 0.96333796875 0.454441846875 0.9424472296875 0.42318918281249995 0.9079654890625 0.4516881078125 0.9313578874999999 0.48465692968749996 0.9354184812499999 0.48458605156249995
7 0.9736771578125 0.4573516984375 0.9911936718750001 0.438768403125 0.9911411078125001 0.43575701875000006 0.9631137531249999 0.3971060359375 0.9429883046875001 0.4173250890625 0.971501078125 0.45738968125 0.9736771578125 0.4573516984375
19 0.8867343453125001 0.39010881875000003 0.907409675 0.38383403125000004 0.9073654703124999 0.38130159375 0.8889567265625 0.33148510937500003 0.8570405593749999 0.33896933906250004 0.8745514046875 0.390321471875 0.8867343453125001 0.39010881875000003
19 0.9845006859375 0.5029734828125 0.9844817234375001 0.5018870953125 0.9656986078124999 0.47155560625000004 0.9651427546875 0.471565309375 0.9337609609375 0.49947667500000004 0.9557090640625001 0.5311140187500001 0.9566583124999999 0.5310974500000001 0.9845006859375 0.5029734828125
9 0.8802235265625 0.49492591093750005 0.9151961515625 0.47180418125 0.9151567375 0.46954613125 0.8978594390625 0.434818659375 0.856524084375 0.45854278437499996 0.8775882062499999 0.4949719109375 0.8802235265625 0.49492591093750005
21 0.9064264703125 0.44133544531249996 0.9087405921875 0.4412950515625 0.9407314296875 0.41272285468750003 0.9407025046875 0.41106577812499995 0.9193312828125 0.381226175 0.8828566671875 0.40966040625 0.882869025 0.41036840156250004 0.9064264703125 0.44133544531249996
5 0.8413878484374999 0.32839082343750003 0.84349605 0.30339292812499996 0.8429968859375 0.2747959 0.8068475140625001 0.2607765390625 0.7997855921875 0.31883535625000003 0.8334677906250001 0.32852906875 0.8413878484374999 0.32839082343750003
11 0.8543481671875 0.395362334375 0.859157675 0.3948840546875 0.8589624640625001 0.38370039375 0.8488293078125 0.33677658125 0.8111875734374999 0.33949773906249997 0.8241321140625001 0.3958897578125 0.8543481671875 0.395362334375
36 0.8354185281250001 0.47382965312499997 0.8677195296875 0.43774640624999994 0.867675771875 0.4352394796875 0.8391626734375001 0.402577146875 0.801589228125 0.44170200625 0.8305985265625001 0.4739137875 0.8354185281250001 0.47382965312499997
36 0.85749693125 0.5390792703125 0.881577875 0.515456840625 0.88148775625 0.5102939109375 0.8517455249999999 0.4661057640625 0.8222536140625 0.491924146875 0.8561341234375 0.5391030578125 0.85749693125 0.5390792703125
32 0.6015180499999999 0.8640477437499999 0.5723114609375 0.8550797906250001 0.598808865625 0.907940453125 0.6195935359375 0.9151635359375 0.6313051578125 0.914959109375 0.69087589375 0.87082691875 0.690771865625 0.8648671531250001 0.67221245 0.826332015625 0.6692385609375 0.8230851031249999 0.6663383015625 0.82118381875 0.6015180499999999 0.8640477437499999
32 0.5743315671875 0.8128695031250001 0.5475453625 0.8065835343750001 0.5475485671875 0.8067671390625 0.5722746515625 0.855503778125 0.5989951359375 0.863952728125 0.6031519515625 0.8638801703125001 0.6696638453125 0.8194691093750001 0.6696201265624999 0.8169644328125001 0.6488535875 0.774840909375 0.6458796984374999 0.771593996875 0.6429794015625 0.769692771875 0.5743315671875 0.8128695031250001
32 0.5462136796875 0.757681859375 0.519578021875 0.752569696875 0.5478761421875 0.8063778218750001 0.5745734687499999 0.812693809375 0.6437774609375 0.76890639375 0.643755846875 0.767668053125 0.621684715625 0.722713328125 0.618710828125 0.719466475 0.6158105296875 0.7175651921874999 0.5462136796875 0.757681859375
33 0.5182480421875 0.70025356875 0.49179803125 0.6973277125 0.5196169328125 0.7522675890625 0.530782921875 0.754188978125 0.5512335484374999 0.7538320109375001 0.6178492484375 0.715947309375 0.6178184203125 0.7141811140625001 0.594960034375 0.6684676656249999 0.591545490625 0.664636834375 0.5877986749999999 0.663706446875 0.5182480421875 0.70025356875
33 0.4889727 0.64313041875 0.46245142499999997 0.642452521875 0.490746925 0.697903015625 0.4965568453125 0.698527828125 0.521956228125 0.6980844796875 0.5887999390624999 0.6632390390625 0.588701996875 0.6576279656249999 0.5671947703125 0.613823825 0.563866715625 0.610296403125 0.55971464375 0.6092949078125 0.4889727 0.64313041875
16 0.46093942656250003 0.584773071875 0.4335388578125 0.5850456281249999 0.46280585781249994 0.641295646875 0.49437575625 0.6407445921875 0.5628347953125 0.6081642078125 0.5627288187499999 0.6020927578124999 0.5407608328125 0.5576100625 0.537486278125 0.55498035625 0.5333651203125 0.55367751875 0.46093942656250003 0.584773071875
16 0.43068759375 0.5248931625 0.40624857968750006 0.5277475953125 0.4341391296875 0.5839747203125001 0.4618336125 0.5834913109375 0.5383979562500001 0.551116640625 0.538382328125 0.5502212984375 0.513790815625 0.500347621875 0.51073276875 0.4982654125 0.5063525109375 0.49720406875 0.43068759375 0.5248931625
16 0.3977415640625 0.465844409375 0.37520798437499997 0.47039514843749997 0.4048485796875 0.5282274203124999 0.408013859375 0.5281721703125 0.42963406718749997 0.525501265625 0.50931011875 0.4962011171875 0.50926680625 0.49371978906249997 0.48431014218749996 0.4435097734375 0.48125209687500003 0.44142759375 0.47687183906249997 0.44036625156250003 0.3977415640625 0.465844409375
14 0.36555917187500003 0.4023146171875 0.343240071875 0.41005826875 0.3740243515625 0.4678186765625 0.3863401984375 0.467603703125 0.3981424265625 0.465302446875 0.48018340468750004 0.4390584125 0.48008989687500003 0.43370137187499996 0.4578421421875 0.387011171875 0.4510193453125 0.38023242343749997 0.45114010625 0.3799551296875 0.36555917187500003 0.4023146171875
14 0.34623316718749997 0.40891972968749996 0.364899325 0.4030849609375 0.45257218750000006 0.379209259375 0.45255313125 0.37811749843750003 0.4265512671875 0.3241120421875 0.42170320781250004 0.3206454890625 0.42056415156250004 0.32010894843750004 0.417692 0.3201590828125 0.3322722046875 0.33882044375000003 0.31137472499999996 0.34740904375000004 0.3428244 0.4089792296875 0.34623316718749997 0.40891972968749996
14 0.29942891875 0.27187609375 0.27682050468749997 0.2842885796875 0.31059392343750003 0.34703229375 0.312388646875 0.3470009671875 0.331957125 0.3387913828125 0.4202745515625 0.31946295468749997 0.42015525625 0.3126285359375 0.395820275 0.2606040265625 0.3949213640625 0.25980146249999997 0.38845358281250003 0.255937821875 0.29942891875 0.27187609375
10 0.2619893609375 0.20288689531249998 0.24435306875 0.21733184374999998 0.2761927078125 0.280435034375 0.28224676875 0.2803293609375 0.298508759375 0.27071853749999997 0.3925628953125 0.2538596890625 0.39253913281249997 0.25249825625 0.363088371875 0.1934458515625 0.362453909375 0.192844709375 0.3568472484375 0.1904289109375 0.2619893609375 0.20288689531249998
10 0.228611925 0.1326889859375 0.21072625625 0.14993302343749998 0.2430191203125 0.2153790859375 0.2476542390625 0.21529817968749998 0.263784603125 0.20328885 0.35863249375 0.19010146875 0.3585306171875 0.184264996875 0.330402046875 0.12484737812499999 0.329103546875 0.1250952140625 0.3270682203125 0.12371055625 0.228611925 0.1326889859375
10 0.19140079062499998 0.0591171609375 0.174402459375 0.078862303125 0.2092425484375 0.145645446875 0.21329088125 0.1455747828125 0.2282471765625 0.1323059546875 0.3293331234375 0.1230672875 0.3293243796875 0.122566359375 0.2972563765625 0.057008953125 0.296621934375 0.056407803125 0.2910152546875 0.0539920140625 0.19140079062499998 0.0591171609375