17 0.79921875 0.59609375 0.0828125 0.1390625
16 0.71953125 0.59375 0.0828125 0.1375
15 0.6375 0.59140625 0.08125 0.1390625
15 0.55625 0.5875 0.08125 0.140625
14 0.47578125 0.58671875 0.08125 0.1421875
13 0.3953125 0.5859375 0.08125 0.1390625
14 0.31171875 0.58359375 0.0828125 0.1421875
13 0.22890625 0.58359375 0.08125 0.140625
12 0.14453125 0.58125 0.0828125 0.1390625
11 0.63828125 0.4515625 0.0828125 0.1375
11 0.55859375 0.44921875 0.0796875 0.1359375
11 0.47890625 0.44765625 0.078125 0.1375
9 0.39921875 0.4453125 0.0828125 0.1390625
9 0.31875 0.44375 0.0828125 0.1390625