12 0.92734375 0.7453125 0.0640625 0.10625
11 0.8671875 0.75 0.0625 0.103125
10 0.8078125 0.75078125 0.0625 0.1015625
9 0.74921875 0.7515625 0.0609375 0.1
9 0.69140625 0.753125 0.0609375 0.103125
17 0.634375 0.75546875 0.0609375 0.103125
17 0.57734375 0.75859375 0.0609375 0.103125
17 0.52109375 0.76171875 0.059375 0.103125
17 0.46484375 0.7640625 0.05625 0.0953125
16 0.4078125 0.76640625 0.0546875 0.0984375
15 0.35390625 0.765625 0.05625 0.09375
13 0.30078125 0.76875 0.053125 0.0953125
14 0.246875 0.771875 0.0578125 0.0953125
15 0.190625 0.778125 0.0578125 0.0953125
29 0.13515625 0.78203125 0.0515625 0.0953125