28 0.90546875 0.61640625 0.059375 0.0828125
0 0.2234375 0.6546875 0.0484375 0.0796875
6 0.734375 0.6203125 0.05 0.078125
7 0.67734375 0.62421875 0.0578125 0.08125
8 0.61796875 0.63125 0.053125 0.08125
5 0.4515625 0.640625 0.059375 0.0859375
3 0.5625 0.63125 0.05 0.08125
3 0.3359375 0.65 0.0453125 0.0828125
4 0.503125 0.6359375 0.0484375 0.08125
4 0.28046875 0.65546875 0.0515625 0.0828125
1 0.165625 0.66484375 0.05 0.0859375
3 0.84453125 0.6171875 0.0578125 0.0875
3 0.78671875 0.62109375 0.0546875 0.08125
2 0.39296875 0.64375 0.053125 0.0875
2 0.10859375 0.66953125 0.0546875 0.0875