34 0.91640625 0.59765625 0.0578125 0.08125
34 0.8453125 0.584375 0.06875 0.0859375
33 0.77578125 0.56953125 0.06875 0.08125
33 0.703125 0.55703125 0.06875 0.084375
33 0.63515625 0.5421875 0.0671875 0.08125
7 0.57109375 0.528125 0.0671875 0.0890625
7 0.50546875 0.51328125 0.065625 0.0828125
7 0.4390625 0.49765625 0.0671875 0.084375
23 0.37734375 0.48515625 0.0625 0.08125
23 0.315625 0.47421875 0.065625 0.0796875
23 0.25078125 0.46171875 0.0703125 0.0859375
32 0.18515625 0.4484375 0.059375 0.06875
32 0.12265625 0.4328125 0.0625 0.075
32 0.0609375 0.41875 0.06875 0.084375