37 0.8015625 0.24609375 0.0671875 0.09375
37 0.75078125 0.26328125 0.06875 0.0953125
37 0.69296875 0.26875 0.0640625 0.0921875
31 0.5671875 0.43359375 0.065625 0.109375
31 0.50546875 0.4609375 0.06875 0.1203125
17 0.44140625 0.49296875 0.075 0.1265625
17 0.371875 0.509375 0.0765625 0.1296875
17 0.29921875 0.52734375 0.0828125 0.1328125
16 0.64609375 0.29765625 0.0625 0.10625
16 0.59375 0.31171875 0.05625 0.1015625
16 0.5328125 0.3234375 0.05625 0.1078125
16 0.4765625 0.3453125 0.0703125 0.109375
10 0.41640625 0.3671875 0.0671875 0.1078125
10 0.35078125 0.3796875 0.0734375 0.115625
10 0.27890625 0.396875 0.078125 0.1203125
41 0.11640625 0.40078125 0.0765625 0.1234375
27 0.0390625 0.40625 0.078125 0.125
30 0.19296875 0.3890625 0.0796875 0.128125