1 0.47961673125 0.131791684375 0.51952288125 0.1080085796875 0.5178604906250001 0.10180445468749999 0.494026365625 0.07491483437499999 0.45584203749999996 0.100697075 0.47707806406250003 0.13247191875 0.47961673125 0.131791684375
22 0.5969729171875 0.072846665625 0.612350896875 0.049966009374999995 0.6113164828125 0.046105528125 0.5656934390624999 0.02170861875 0.5476443515625 0.0480736 0.5952025703125 0.07332102812499999 0.5969729171875 0.072846665625
9 0.68328803125 0.103100028125 0.704361240625 0.0733903609375 0.7030726921875 0.06858143125 0.6650705328125001 0.0485802125 0.6433911718750001 0.083759671875 0.6791437953125 0.1042104734375 0.68328803125 0.103100028125
7 0.4356544265625 0 0.4313380890625 0.001156559375 0.41900768906249997 0.022544734375 0.4525472234375 0.0338997 0.4545119921875 0.0333732421875 0.46853724375 0 0.4356544265625 0
0 0.5770055937499999 0.15584260625 0.582527453125 0.1543630296875 0.60130943125 0.1247836953125 0.5570930640625 0.0931444421875 0.5335870921875 0.1228193390625 0.5770055937499999 0.15584260625
17 0.28893415624999996 0.21038445 0.2906554765625 0.1654562953125 0.28834957031249997 0.1568505390625 0.252858021875 0.15640558124999998 0.24681219687499997 0.21017209062500003 0.2844644125 0.2115821140625 0.28893415624999996 0.21038445
6 0.2954994984375 0.1503909859375 0.33135763281249997 0.11813660781249999 0.3313054203125 0.1179417515625 0.3075171296875 0.09245743281249999 0.2705739734375 0.1254608703125 0.293110465625 0.151031125 0.2954994984375 0.1503909859375
18 0.7153436828124999 0.163388728125 0.752297275 0.1606371515625 0.767115521875 0.1566666140625 0.762165078125 0.1381913078125 0.7560168359375 0.12080895 0.7007366765625 0.123789009375 0.7153436828124999 0.163388728125
25 0.45966470625 0.17434305 0.46377373125 0.17324204062499998 0.49311462031250003 0.1543404859375 0.49300258750000003 0.15392237343749998 0.45978464218750004 0.11507230937499999 0.42675495156250004 0.1360902125 0.42679130781249996 0.1362258921875 0.45966470625 0.17434305
16 0.7424657875 0.270034346875 0.75154698125 0.2676010484375 0.738416440625 0.21859720624999998 0.67323706875 0.21865875781250002 0.687287015625 0.27057322031250003 0.7424657875 0.270034346875
4 0.5263419796875 0.09500740625000001 0.5622833328125 0.080444628125 0.5615843234375 0.07783589375 0.5449499265625 0.0499695140625 0.5007856703125 0.0648746578125 0.5162667812499999 0.09770704687500001 0.5263419796875 0.09500740625000001
15 0.41817837031250005 0.11428404375000001 0.45064230156249996 0.0924242171875 0.449223528125 0.0871292765625 0.4302516203125 0.063864071875 0.3896822609375 0.0904780046875 0.4095840375 0.11658688749999999 0.41817837031250005 0.11428404375000001
20 0.42820199687500005 0.032824 0.427978565625 0.03199014375 0.3975807546875 0.0162755390625 0.397282575 0.0163554375 0.373099734375 0.055762560937500004 0.40733592500000004 0.070278315625 0.408742803125 0.06990134375 0.42820199687500005 0.032824
10 0.4679192203125 0.0896326890625 0.49136690156249996 0.06933643125 0.48988836406249997 0.06381845625 0.458715390625 0.034867590625 0.431127296875 0.0572165140625 0.46633168593749996 0.09005806875 0.4679192203125 0.0896326890625
10 0.8210299421875 0.13089695625 0.8276735703125 0.1291168 0.8144435624999999 0.07974173749999999 0.76933838125 0.076669196875 0.7823196515624999 0.12755029843750001 0.8210299421875 0.13089695625
23 0.6559998078125 0.061940053125000005 0.655014390625 0.058262426562500004 0.6224048578125 0.0401502921875 0.6220522890625 0.0402447640625 0.5988418953125 0.0751638234375 0.6336425015625 0.093755840625 0.634538659375 0.0935157171875 0.6559998078125 0.061940053125000005
23 0.628358875 0.1760525359375 0.6538112265625 0.1382906703125 0.6533544703125 0.1365860296875 0.6169375671874999 0.1148600640625 0.5906605390624999 0.15336078125 0.62696894375 0.1764249671875 0.628358875 0.1760525359375
12 0.695269290625 0.1179402109375 0.6944769796875 0.11498326875 0.645410284375 0.0873674359375 0.644061665625 0.087728796875 0.6260741015625 0.115905015625 0.6747271593749999 0.1474520015625 0.676188434375 0.1470604546875 0.695269290625 0.1179402109375
12 0.6065889796875 0.125269096875 0.6279340765625 0.09604915625 0.6278927796875 0.0958950328125 0.577739121875 0.066980034375 0.5577487031249999 0.09313538593750001 0.6042126265625 0.1259058375 0.6065889796875 0.125269096875
20 0.5198509875 0 0.5076926625 0.02005285625 0.5467166828125001 0.039401831250000005 0.5490916109375 0.0387654703125 0.56456945 0.0165320984375 0.563778046875 0.01357854375 0.5349365265625 0 0.5198509875 0
20 0.5461359734375 0.2254411046875 0.5406491859375 0.204964134375 0.5328311953125 0.184830146875 0.4792960375 0.20137316093750002 0.49292296875 0.238847290625 0.5461359734375 0.2254411046875
5 0.1690911640625 0.142203903125 0.2084632140625 0.11830316249999999 0.20533981250000002 0.10664647187500001 0.1941476 0.0886291078125 0.153397846875 0.11557234999999999 0.1660454546875 0.1430199984375 0.1690911640625 0.142203903125
5 0.51906646875 0.1729849671875 0.5484360078125 0.155543471875 0.5470685468750001 0.15044003749999998 0.5197860671875 0.11222315624999998 0.48718836874999993 0.1281667625 0.515570103125 0.173921815625 0.51906646875 0.1729849671875
8 0.421360265625 0.23151764687499998 0.4608152484375 0.220945715625 0.44911957031250005 0.1772968484375 0.446231496875 0.16820993125 0.40626327656249994 0.1777351921875 0.421360265625 0.23151764687499998
8 0.3824314390625 0.25650716562500003 0.3875349890625 0.2551396734375 0.4101697421875 0.2251192765625 0.40979229687499996 0.223710634375 0.36770495625 0.1922432046875 0.34349515468749997 0.223804821875 0.343696421875 0.2245559609375 0.3824314390625 0.25650716562500003
37 0.39048343124999996 0.1233225 0.3892532296875 0.11083557031249999 0.3845210328125 0.093174775 0.33942634531250004 0.09871696875 0.340405259375 0.131542740625 0.3753591890625 0.12737502812499998 0.39048343124999996 0.1233225
31 0.8862781765625 0.2201766 0.9262409609375 0.207197559375 0.9259752265625 0.206205825 0.892200353125 0.1621383578125 0.8386820625 0.17838710468750002 0.8693068421874999 0.22472405625 0.8862781765625 0.2201766
35 0.3202396125 0.093615703125 0.3667418953125 0.081155453125 0.36608705 0.0787115375 0.357023775 0.0537907109375 0.313100865625 0.0675156234375 0.3202396125 0.093615703125
35 0.7630490390625 0.1156981296875 0.7607740296875 0.0967776265625 0.75433673125 0.0727532984375 0.7142375671875001 0.0661054828125 0.7181195859375 0.11094326875 0.75754223125 0.117173675 0.7630490390625 0.1156981296875
33 0.5986295796875 0 0.589709625 0.0115155921875 0.628599378125 0.03363761875 0.6357004515625 0.0317348921875 0.6500316734375 0.015518525 0.6493814 0.013091675 0.62774181875 0 0.5986295796875 0
33 0.72071445 0.20792259999999999 0.7191231234375 0.176778746875 0.716325140625 0.166336534375 0.65793979375 0.154256471875 0.6582352765625 0.1947453015625 0.7184205375 0.208537253125 0.72071445 0.20792259999999999
13 0.7929750046875 0.16859343124999998 0.7373783890625 0.17757560781249998 0.73615845 0.1779024890625 0.751376246875 0.214330140625 0.813460903125 0.20888920625 0.8120973484375 0.20380035 0.7929750046875 0.16859343124999998
13 0.4729885625 0.3082705515625 0.470199684375 0.27408001875 0.4665817546875 0.26057772031250004 0.409163796875 0.2582120984375 0.41097822968750003 0.3083784484375 0.4681552046875 0.309565646875 0.4729885625 0.3082705515625
32 0.5974878593749999 0.175607490625 0.5947136000000001 0.1652538140625 0.5545742765624999 0.157626821875 0.5513395296875 0.210812153125 0.5990880328125 0.2206719390625 0.5974878593749999 0.175607490625
32 0.60604469375 0.283941603125 0.6206168078125 0.280037015625 0.6053112281249999 0.2229158140625 0.559759003125 0.2274796328125 0.573313584375 0.2865531484375 0.60604469375 0.283941603125
16 1 0.552001759375 0.9585885718749999 0.48162859375 0.9023426765625 0.4968067171875 0.9582047765624999 0.6020734453125 1 0.5908744484375 1 0.552001759375
16 0.8978966968750001 0.618232946875 0.9561659234375 0.6026197546875001 0.9547094546875 0.5971841359375001 0.9005505546875 0.4949920546875 0.8443046578125 0.510170178125 0.8978966968750001 0.618232946875
15 0.8917975640625 0.6099122593749999 0.842370784375 0.5101720234375 0.786063275 0.525259575 0.8370561984375 0.636152728125 0.882321215625 0.624024003125 0.8946451578125 0.6205396234375 0.8917975640625 0.6099122593749999
14 0.8223728781249999 0.64170473125 0.8345932484375 0.6379043015625 0.8322636484375 0.6292101171875 0.783672290625 0.5233759453125 0.7251828546875 0.539369384375 0.7735854140625 0.6547772921874999 0.8223728781249999 0.64170473125
13 0.7123481921875 0.6744209953125 0.7736539328125 0.657994171875 0.7720481 0.6520011234374999 0.7271407015625 0.5417235109375 0.668651265625 0.5577169515625 0.7123481921875 0.6744209953125
12 0.6456411765625 0.6906774671875 0.7098606453125 0.6734699125 0.7083778265625 0.667935959375 0.6658473328125 0.555254446875 0.6079281484375 0.5724367531250001 0.6456411765625 0.6906774671875
11 0.6344431078125 0.69691321875 0.6442348328125 0.6941806500000001 0.6398857265625 0.6779495640625 0.6052877421875 0.5704629953125 0.5884807765625 0.5749664078125 0.547601 0.5870938031249999 0.55778519375 0.6251017359375 0.58172786875 0.711038225 0.6344431078125 0.69691321875
10 0.579313334375 0.711482884375 0.546921040625 0.5905931953125 0.5458665140625001 0.586825725 0.48794733125 0.60400803125 0.5202904390625 0.729007325 0.579313334375 0.711482884375
16 0.516780325 0.7267210937499999 0.51292858125 0.7112501078125 0.48400123281249996 0.6032917703125 0.42799052812499994 0.61990790625 0.4551477484375 0.744955265625 0.46323592500000005 0.7427880453125 0.516780325 0.7267210937499999
15 0.43906432031250003 0.677066384375 0.4238856734375 0.6204189062500001 0.36862264375 0.634460940625 0.3908786109375 0.758940890625 0.453500421875 0.7421614265625001 0.43906432031250003 0.677066384375
14 0.369061871875 0.6572951484375 0.363485346875 0.636483275 0.30732502500000003 0.6507533078125001 0.3263906703125 0.7794556203125 0.388924365625 0.7626997671875 0.369061871875 0.6572951484375
11 0.3112013234375 0.6768010624999999 0.30534430625 0.654942378125 0.24846549843750002 0.6700594125 0.2645731953125 0.7992548 0.326749315625 0.782594759375 0.3112013234375 0.6768010624999999
11 0.24974688281250002 0.7010054968749999 0.24288846406250003 0.6754095296875 0.18853621874999998 0.6892201390625 0.19833556562500002 0.8186207390625 0.26290838125 0.80131850625 0.24974688281250002 0.7010054968749999
11 0.1878099921875 0.705298296875 0.1841945578125 0.6918053093750001 0.12681426093749998 0.7034999281250001 0.13357490156250001 0.83597330625 0.19587464375000002 0.819280140625 0.1878099921875 0.705298296875
28 0.1340377640625 0.838246415625 0.1276593359375 0.7102203765625 0.12673705156249998 0.7067783609375 0.067183053125 0.7227358078125 0.06517678437499999 0.8076607984375 0.077645525 0.8541947765625 0.10640545781249999 0.8464885750000001 0.1340377640625 0.838246415625