4 0.9265625 0.54765625 0.06875 0.0828125
4 0.8609375 0.54453125 0.059375 0.084375
4 0.8 0.54375 0.059375 0.078125
36 0.734375 0.5390625 0.0625 0.08125
36 0.66875 0.53515625 0.059375 0.08125
36 0.60703125 0.53125 0.05625 0.08125
8 0.5421875 0.53203125 0.0578125 0.08125
8 0.47890625 0.52734375 0.05625 0.0859375
8 0.41484375 0.525 0.05625 0.0828125
0 0.35078125 0.5203125 0.059375 0.08125
0 0.2828125 0.5171875 0.05 0.0796875
33 0.21328125 0.51640625 0.0484375 0.0671875
33 0.14921875 0.51484375 0.053125 0.065625
33 0.0828125 0.50859375 0.0484375 0.0796875