7 0.49765625 0.59453125 0.0875 0.1390625
7 0.41953125 0.603125 0.0890625 0.1390625
7 0.34296875 0.6109375 0.090625 0.1375
5 0.78828125 0.4328125 0.084375 0.1296875
5 0.71328125 0.43984375 0.084375 0.13125
5 0.6375 0.446875 0.0875 0.134375
2 0.5609375 0.45703125 0.084375 0.1359375
2 0.4859375 0.46328125 0.0859375 0.1328125
2 0.41015625 0.4703125 0.0875 0.1359375
2 0.33359375 0.47890625 0.0875 0.1359375
1 0.25625 0.484375 0.0875 0.1328125
0 0.65 0.58125 0.0875 0.1375
0 0.5734375 0.5859375 0.084375 0.134375
0 0.1796875 0.49140625 0.0890625 0.1359375