32 0.908775475 0.47433532968750003 0.8758651265624999 0.59524189375 0.948180046875 0.6085663484375 0.9853039453125 0.49230317812499996 0.9865441562499999 0.484472796875 0.908775475 0.47433532968750003
34 0.8325862359375 0.461937603125 0.8040964546874999 0.5829828015625 0.8755565734375 0.5956219015625 0.90295001875 0.4928785828125 0.9060668578125 0.47319963906250007 0.8325862359375 0.461937603125
36 0.7538503578125 0.4522435734375 0.7305504828125 0.572901075 0.8021039562500001 0.5842340312500001 0.83080936875 0.4689227296875 0.8317478906250001 0.46299713281250005 0.7538503578125 0.4522435734375
35 0.7512466812499999 0.45187494375000004 0.6759500093749999 0.4406676546875 0.651413265625 0.5664328546874999 0.678852209375 0.5710407796875 0.7271763828125 0.5786945765625 0.7419601265625 0.5105079375 0.7512466812499999 0.45187494375000004
26 0.599990325 0.4290272609375 0.5799547890625 0.5506310359375 0.6527867328125 0.5621664828124999 0.67445888125 0.44727183593750003 0.675518221875 0.4405834171875 0.599990325 0.4290272609375
23 0.5038997968750001 0.541982159375 0.57526975 0.5541405296875 0.5948556125 0.43048026406249995 0.5227607187500001 0.418873396875 0.5038997968750001 0.541982159375
22 0.4464062078125 0.4073667296875 0.431009440625 0.5302043640625 0.478942415625 0.5377962015625 0.49989511562500005 0.540615046875 0.519239103125 0.41848191406249996 0.4464062078125 0.4073667296875
21 0.444470471875 0.41111848125000006 0.4449469265625 0.407628396875 0.3686406390625 0.3961708859375 0.3543429734375 0.5180615890625 0.378698634375 0.521919146875 0.42589068125 0.528426665625 0.444470471875 0.41111848125000006
19 0.29151975937499996 0.3825977765625 0.28131649062499997 0.5064953296875 0.354579153125 0.5180989968749999 0.36866216875 0.3941692875 0.29151975937499996 0.3825977765625
15 0.28157903125 0.48070657656250004 0.2902170609375 0.3822323453125 0.2148447359375 0.3700414015625 0.20645485468749997 0.49463841249999996 0.2759883453125 0.5056514359375 0.277596015625 0.5058543546875 0.28157903125 0.48070657656250004
7 0.204810234375 0.49595990624999997 0.20585849375 0.48934145156250003 0.21393619843749997 0.370564659375 0.1363707796875 0.35965104531250003 0.13133120468749998 0.48371084218749993 0.14731745937500001 0.4868539453125 0.204810234375 0.49595990624999997
15 0.1199218578125 0.48257257343750004 0.12422538125 0.36186403437500003 0.049232921875 0.35196776875 0.0505858875 0.47786107656250004 0.1189530515625 0.48868937187499994 0.1199218578125 0.48257257343750004