16 0.9182261437499999 0.10109373125000001 0.9256728078125 0.0767977546875 0.9253070921875001 0.07261760625 0.8853230828124999 0.0406940859375 0.8738902703125 0.07030763906250001 0.9167288843750001 0.1012247234375 0.9182261437499999 0.10109373125000001
6 0.969363303125 0.3036576515625 0.982289275 0.2936626953125 0.9806691328125 0.2751443765625 0.9615659421875 0.245625034375 0.9380953515625 0.2612269015625 0.967124103125 0.30385355468749997 0.969363303125 0.3036576515625
23 0.9483506890625 0.3467492234375 0.97858175625 0.38597997031250003 0.979669265625 0.3858848265625 0.9909226296875 0.3761741140625 0.9888290312500001 0.352244178125 0.9674392796875001 0.326087084375 0.9483506890625 0.3467492234375
8 0.899659909375 0.3505360890625 0.9360137375 0.33841654375 0.9355350203125001 0.332944784375 0.9213036750000001 0.2994106296875 0.88223365625 0.3107153015625 0.8981432703125 0.3506687765625 0.899659909375 0.3505360890625
19 0.9488824765625001 0.19722516406249999 0.9530457453125001 0.1968609265625 0.970687940625 0.1834509578125 0.940456296875 0.1409966140625 0.9195079296875001 0.157406384375 0.9488824765625001 0.19722516406249999
4 0.9412001734375 0.32494322656249996 0.9479661359374999 0.32435128281250003 0.967971 0.309280834375 0.9678444640625001 0.30783452499999997 0.9371608203124999 0.2648642796875 0.913748159375 0.2811242640625 0.9137911984375 0.2816162125 0.9412001734375 0.32494322656249996
8 0.880226309375 0.2127042828125 0.834450778125 0.21351051562499998 0.833039334375 0.21363400000000002 0.8456137328125 0.25801946875000004 0.889432790625 0.2541857984375 0.8886910015625 0.24570712343749998 0.880226309375 0.2127042828125
17 0.91412035625 0.15634933906249998 0.9295278671875 0.13878897031249998 0.929319540625 0.1364077765625 0.8914877000000001 0.0963213421875 0.8738951078125 0.1198873546875 0.90844323125 0.15684602187500002 0.91412035625 0.15634933906249998
21 0.9410779375 0.217023846875 0.9404217812500001 0.20952394531250002 0.900933103125 0.18107856718749998 0.8900649515625 0.21333762812499998 0.9333563687499999 0.2424836703125 0.9410779375 0.217023846875
20 0.8762172874999999 0.3008275921875 0.8901449609375 0.29818130625 0.8897809078125001 0.294020159375 0.8762576531249999 0.256330709375 0.8315056656250001 0.2641298109375 0.8465511765624999 0.303423040625 0.8762172874999999 0.3008275921875
12 0.9332826000000001 0.4542503421875 0.95922943125 0.42449635781249995 0.959031325 0.42223200156249996 0.9360113984374999 0.39251273124999997 0.9036016375000001 0.42334755937499996 0.9292368421875 0.4546043 0.9332826000000001 0.4542503421875
7 0.9695483093749999 0.4244135390625 0.9857258484375 0.404653621875 0.9854633500000001 0.40165323906249994 0.9548081109375 0.3650514984375 0.936142096875 0.38662517812499997 0.9673801796875001 0.4246032265625 0.9695483093749999 0.4244135390625
19 0.8781266578125001 0.3633992828125 0.8983139171875001 0.35569754374999996 0.8980931671875 0.3531743578125 0.8762542421875 0.30476335312499997 0.8449378953125001 0.3144557109375 0.8659882281250001 0.3644612578125 0.8781266578125001 0.3633992828125
19 0.9835278859375001 0.46916917968750005 0.9834331875 0.4680867609375 0.962580009375 0.439139403125 0.9620261875 0.43918785624999995 0.932667834375 0.4692203140625 0.9567693828125 0.49924956875 0.9577151640625001 0.499166825 0.9835278859375001 0.46916917968750005
9 0.8789433703125 0.46841521875 0.9122179140625001 0.4429102453125 0.91202108125 0.44066044531250004 0.8923434531250001 0.4072241671875 0.8527637 0.433773909375 0.8763176781249999 0.46864493749999997 0.8789433703125 0.46841521875
21 0.9013442046875 0.41312747187500004 0.9036498703125 0.41292575156250005 0.933569684375 0.38219158750000004 0.9334252375000001 0.38054056406250003 0.9100245703125 0.3522644296875 0.8756222765624999 0.3831737375 0.8756839921875 0.383879146875 0.9013442046875 0.41312747187500004
5 0.8285853937500001 0.3049948421875 0.8289446937499999 0.2799107796875 0.8264519187499999 0.2514182328125 0.7894126640625 0.23995467499999998 0.786417921875 0.298364678125 0.8206942734375 0.30568522656249997 0.8285853937500001 0.3049948421875
11 0.8461858375 0.3708991484375 0.8509502671875 0.3700865390625 0.8499753984374999 0.3589437375 0.8365936859374999 0.3128410828125 0.7992334640625 0.3181813671875 0.81608018125 0.3735330515625 0.8461858375 0.3708991484375
36 0.8327759140625 0.4504957890625 0.8624811921875001 0.412247234375 0.8622626671875 0.40974946875 0.831540615625 0.379155671875 0.796787909375 0.42080621718750005 0.8279735234375 0.45091594375 0.8327759140625 0.4504957890625
36 0.8593521187500001 0.51404635 0.8817265859375001 0.48880166249999996 0.8812765375 0.48365759375 0.8485243484374999 0.4416518015625 0.8209052781249999 0.46946454375 0.857994290625 0.51416514375 0.8593521187500001 0.51404635
32 0.62666544375 0.8560793999999999 0.5969044265625 0.8491706406249999 0.627024659375 0.9000541734375 0.64826255625 0.9058097953124999 0.659931390625 0.9047889046875 0.7162785078125 0.856608775 0.715759 0.8506707828125 0.6945567203125 0.8135241546875 0.69136358125 0.8104925984375001 0.6883377609375 0.8087982578125 0.62666544375 0.8560793999999999
32 0.5959751718749999 0.8069222593750001 0.5688157296874999 0.802520115625 0.568831734375 0.8027030484375001 0.596897284375 0.8495961640624999 0.6241420484375 0.8561606062499999 0.6282836765625001 0.8557982609374999 0.691535590625 0.8068557468750001 0.6913172609375 0.8043602218749999 0.6676629203125 0.763787909375 0.66446978125 0.760756353125 0.661443928125 0.759062075 0.5959751718749999 0.8069222593750001
32 0.5640760828125 0.75383045625 0.5371487015625 0.75058875625 0.5691313546875 0.8022918296875 0.5962042296875001 0.8067301203125 0.6621851890625 0.7582219421875 0.66207724375 0.7569881265625 0.63692399375 0.7136825124999999 0.6337308625 0.7106510171875 0.6307050015625 0.7089566796875 0.5640760828125 0.75383045625
33 0.5321725734375 0.6984928421875 0.505582896875 0.697419171875 0.5371664453125 0.75028466875 0.5484392625 0.7514224781250001 0.5688151718750001 0.7496398171875 0.632625896875 0.7072005234375001 0.6324719390625 0.70544078125 0.6064804265625 0.6614332109375 0.602806975 0.657849896875 0.5990043859374999 0.657183140625 0.5321725734375 0.6984928421875
33 0.49898383593749995 0.643550984375 0.47247987656249996 0.6447247703125 0.5045744812499999 0.6980663953125 0.510413834375 0.69828440625 0.53572041875 0.6960703671874999 0.59997060625 0.6566470265625 0.5994814953125001 0.651056453125 0.5749710359375 0.6088592859374999 0.5714050265624999 0.6055726109374999 0.567193209375 0.6048631890625 0.49898383593749995 0.643550984375
16 0.46694804687499997 0.5872912968749999 0.4396332375 0.58947455625 0.472752746875 0.6435459906250001 0.5042073031250001 0.6407940734375 0.5702268875 0.603517590625 0.5696976453125 0.597468325 0.544680215625 0.5546263953125 0.5412302 0.5522315156250001 0.5370282 0.5512193296875 0.46694804687499997 0.5872912968749999
16 0.43259289375 0.5296675140625 0.40841252812500006 0.5342197718749999 0.44015734375 0.5883643843749999 0.46775064375 0.5859502828125 0.5418701375 0.5483136171874999 0.5417920921875 0.547421546875 0.5137814703125 0.4993847765625 0.510585625 0.4975209578125 0.5061420015625 0.49676774999999995 0.43259289375 0.5296675140625
16 0.3956080875 0.47306079843750004 0.3734468421875 0.4791723140625 0.407049409375 0.5347960875 0.4102031234375 0.5345201734375 0.43158435468749995 0.530347625 0.5090224421875 0.4955609296875 0.5088061484375 0.4930886671875 0.48040780312500003 0.44474185000000005 0.4772119609375 0.4428780609375 0.47276833749999997 0.44212485625 0.3956080875 0.47306079843750004
14 0.359072475 0.4119306921875 0.33734791249999996 0.42121238281249995 0.372086365625 0.47668468593749996 0.3843572171875 0.475611125 0.3959701671875 0.47249219374999996 0.47598060625 0.4405891984375 0.4755136390625 0.43525173125 0.450063134375 0.390227190625 0.4427840953125 0.3839408890625 0.44288522031250005 0.383655846875 0.359072475 0.4119306921875
14 0.34025429687500003 0.419867828125 0.358467971875 0.4127451875 0.4442617828125 0.382811896875 0.44416661562500004 0.38172412499999997 0.4144608609375 0.3296640203125 0.40938279531250005 0.3265440953125 0.40820908749999996 0.32608831875 0.4053474296875 0.32633868125 0.3214374640625 0.35091316875 0.30118999999999996 0.36093858125 0.33685798437500003 0.42016496718749996 0.34025429687500003 0.419867828125
14 0.28400438125 0.28642292343750003 0.262316890625 0.30038225625 0.30038481875 0.360617215625 0.3021729859375 0.36046077187500003 0.3211211234375 0.35090615625 0.40787513124999997 0.3254641 0.40727938124999996 0.3186546515625 0.3793746328125 0.26845439375 0.378421928125 0.2677164890625 0.3717003875 0.2643134296875 0.28400438125 0.28642292343750003
10 0.24184358125 0.22021343125 0.225257878125 0.2358534375 0.26142181249999996 0.2965818921875 0.26745375625 0.29605416562500003 0.283005715625 0.28533237499999997 0.375654728125 0.261953709375 0.375536053125 0.26059725 0.3420377453125 0.2037430734375 0.34136289531249997 0.203187653125 0.335601375 0.20116884218750003 0.24184358125 0.22021343125
10 0.2036506921875 0.1525148125 0.18701147499999998 0.170964484375 0.2237909609375 0.2339984875 0.22840914531249998 0.23359444843750002 0.24366248750000002 0.22048917656250003 0.3373594296875 0.2007176640625 0.3368506703125 0.194902515625 0.3046458546875 0.13759178593750002 0.30336780625 0.137929596875 0.30124085 0.1366902890625 0.2036506921875 0.1525148125
10 0.161398090625 0.081717921875 0.1458185171875 0.1026007109375 0.18523229531250002 0.1667908515625 0.18926583749999998 0.1664379625 0.20326011406250002 0.1521581578125 0.3034553625 0.1358905953125 0.30341169687499997 0.1353914984375 0.26684875625000004 0.0722307375 0.26617392500000003 0.0716753078125 0.2604123875 0.06965650625 0.161398090625 0.081717921875