13 0.7875 0.55234375 0.1 0.153125
13 0.70390625 0.5625 0.0984375 0.1546875
12 0.61875 0.5734375 0.096875 0.153125
11 0.534375 0.58359375 0.1 0.153125
11 0.36484375 0.60625 0.1046875 0.15625
11 0.68203125 0.41875 0.0984375 0.1515625
11 0.4328125 0.4484375 0.1 0.15
10 0.45078125 0.5953125 0.1 0.15625
10 0.278125 0.6171875 0.1046875 0.153125
10 0.6 0.42734375 0.096875 0.1484375
10 0.34765625 0.45859375 0.103125 0.153125
9 0.190625 0.628125 0.103125 0.1546875
9 0.51640625 0.43828125 0.0953125 0.1484375
9 0.26171875 0.46875 0.0984375 0.1515625