41 0.1265625 0.39765625 0.059375 0.0765625
29 0.07109375 0.38671875 0.0515625 0.071875
36 0.91953125 0.54609375 0.059375 0.065625
36 0.85703125 0.5359375 0.0671875 0.075
22 0.79609375 0.525 0.0625 0.0671875
22 0.73671875 0.51484375 0.059375 0.0703125
16 0.678125 0.5015625 0.065625 0.06875
16 0.615625 0.48984375 0.059375 0.06875
6 0.559375 0.47734375 0.0578125 0.065625
6 0.503125 0.46875 0.0546875 0.0703125
4 0.44765625 0.46015625 0.0546875 0.071875
4 0.3953125 0.4484375 0.059375 0.065625
21 0.3375 0.4375 0.0546875 0.0625
21 0.284375 0.4265625 0.053125 0.0640625
3 0.23046875 0.41796875 0.0515625 0.065625
3 0.17734375 0.40546875 0.05625 0.0671875