29 0.05078125 0.57890625 0.0546875 0.08125
17 0.9109375 0.7 0.065625 0.0875
17 0.84921875 0.6875 0.0671875 0.084375
16 0.78203125 0.68125 0.0703125 0.0890625
15 0.721875 0.67421875 0.0609375 0.090625
15 0.60078125 0.6546875 0.06875 0.0875
14 0.6640625 0.66171875 0.0625 0.0859375
14 0.540625 0.64609375 0.059375 0.084375
14 0.4203125 0.6265625 0.059375 0.08125
13 0.48046875 0.63828125 0.0640625 0.0859375
13 0.35859375 0.6203125 0.059375 0.084375
12 0.29609375 0.6140625 0.0625 0.0859375
34 0.234375 0.60546875 0.053125 0.075
34 0.171875 0.59453125 0.0546875 0.078125
34 0.1140625 0.5890625 0.053125 0.084375