27 0.08359375 0.609375 0.0640625 0.0953125
39 0.13671875 0.60234375 0.0640625 0.0953125
40 0.18828125 0.59609375 0.059375 0.0921875
18 0.23984375 0.5859375 0.065625 0.096875
19 0.29375 0.5796875 0.065625 0.0984375
20 0.34765625 0.57265625 0.0640625 0.09375
24 0.40078125 0.5609375 0.0671875 0.096875
25 0.4546875 0.553125 0.0671875 0.0984375
26 0.50859375 0.54296875 0.065625 0.0953125
21 0.5640625 0.53515625 0.065625 0.0953125
22 0.61953125 0.5265625 0.0671875 0.0984375
23 0.6734375 0.5171875 0.0671875 0.0984375
20 0.73125 0.509375 0.0671875 0.0984375
20 0.7875 0.50078125 0.0671875 0.1015625
20 0.8421875 0.48984375 0.06875 0.0984375
18 0.9 0.48203125 0.071875 0.103125
18 0.95859375 0.471875 0.0671875 0.1015625