36 0.94296875 0.4875 0.05625 0.090625
36 0.890625 0.49140625 0.0515625 0.090625
31 0.83828125 0.4953125 0.05625 0.0890625
31 0.784375 0.49609375 0.0546875 0.0875
31 0.73203125 0.4984375 0.0546875 0.0875
16 0.6796875 0.503125 0.05625 0.090625
16 0.62578125 0.50234375 0.05625 0.090625
16 0.57265625 0.50703125 0.0578125 0.0921875
9 0.51953125 0.51171875 0.0546875 0.090625
9 0.465625 0.5140625 0.05625 0.09375
9 0.41171875 0.515625 0.0578125 0.09375
10 0.35703125 0.51953125 0.0578125 0.0921875
10 0.30234375 0.521875 0.0578125 0.0921875
10 0.24609375 0.525 0.0578125 0.0890625
40 0.18828125 0.5296875 0.0578125 0.0875
29 0.13125 0.53125 0.059375 0.0921875
27 0.0765625 0.5328125 0.0515625 0.09375