27 0.0578125 0.6640625 0.06875 0.0859375
26 0.121875 0.65703125 0.065625 0.084375
26 0.18671875 0.6453125 0.059375 0.0859375
26 0.246875 0.634375 0.05625 0.084375
18 0.30703125 0.63046875 0.053125 0.0828125
18 0.36796875 0.62265625 0.0578125 0.0828125
18 0.42578125 0.615625 0.053125 0.078125
25 0.4828125 0.609375 0.05 0.0828125
24 0.540625 0.6 0.053125 0.08125
23 0.58984375 0.59140625 0.05 0.0828125
19 0.65234375 0.5875 0.046875 0.075
19 0.69765625 0.57734375 0.0484375 0.08125
23 0.75859375 0.56953125 0.05625 0.078125
22 0.80625 0.56484375 0.053125 0.0765625
21 0.86875 0.56015625 0.053125 0.0765625