26 0.8875 0.58203125 0.0625 0.1046875
26 0.828125 0.5875 0.0640625 0.1046875
26 0.7703125 0.59296875 0.0640625 0.10625
25 0.7078125 0.59921875 0.0671875 0.1078125
24 0.64609375 0.60390625 0.065625 0.1078125
22 0.5859375 0.60859375 0.0671875 0.1078125
22 0.52578125 0.6140625 0.065625 0.1078125
22 0.465625 0.61953125 0.06875 0.109375
21 0.4046875 0.625 0.071875 0.1109375
20 0.3421875 0.62890625 0.071875 0.109375
19 0.28046875 0.63515625 0.0703125 0.1046875
20 0.2203125 0.64296875 0.0703125 0.109375
19 0.15546875 0.646875 0.071875 0.109375
18 0.09140625 0.6515625 0.06875 0.1109375