27 0.07734375 0.70859375 0.0765625 0.090625
26 0.13984375 0.6953125 0.071875 0.0890625
26 0.203125 0.67734375 0.0671875 0.090625
26 0.26171875 0.66015625 0.0640625 0.0875
18 0.32109375 0.65 0.059375 0.0859375
18 0.38125 0.6359375 0.0640625 0.0859375
18 0.43828125 0.62265625 0.059375 0.08125
25 0.49453125 0.61015625 0.0578125 0.0859375
24 0.55078125 0.59453125 0.0609375 0.084375
23 0.59921875 0.58125 0.05625 0.084375
19 0.6609375 0.57109375 0.053125 0.0765625
19 0.7046875 0.55625 0.05625 0.084375
23 0.76484375 0.5421875 0.0625 0.0828125
22 0.81171875 0.53203125 0.059375 0.0796875
21 0.87265625 0.52109375 0.0609375 0.0796875