21 0.2265625 0.47578125 0.0609375 0.0796875
22 0.16484375 0.46640625 0.0578125 0.0765625
23 0.10234375 0.45859375 0.05625 0.084375
32 0.92890625 0.55234375 0.0671875 0.078125
32 0.86171875 0.54375 0.0671875 0.075
32 0.79921875 0.5359375 0.0640625 0.08125
37 0.73359375 0.53203125 0.0734375 0.09375
37 0.67109375 0.5203125 0.06875 0.090625
36 0.60703125 0.51328125 0.0703125 0.0828125
36 0.54375 0.51171875 0.0578125 0.0765625
36 0.48203125 0.503125 0.0625 0.0828125
31 0.41640625 0.496875 0.059375 0.084375
31 0.35078125 0.48984375 0.0640625 0.0890625
31 0.2921875 0.4828125 0.06875 0.096875