28 0.12734375 0.4015625 0.075 0.103125
33 0.1875 0.4171875 0.0765625 0.1015625
33 0.246875 0.42890625 0.0703125 0.1
33 0.3078125 0.4390625 0.0734375 0.1
36 0.36640625 0.45 0.0703125 0.09375
36 0.4265625 0.4609375 0.0703125 0.09375
36 0.4828125 0.46953125 0.0640625 0.0921875
35 0.5390625 0.4828125 0.0671875 0.0921875
35 0.59609375 0.49453125 0.065625 0.0953125
35 0.653125 0.50703125 0.0671875 0.0953125
34 0.70859375 0.5171875 0.0640625 0.09375
34 0.76640625 0.5265625 0.0640625 0.09375
34 0.82109375 0.5390625 0.0625 0.0875
32 0.8796875 0.54765625 0.05625 0.0796875
32 0.9328125 0.55859375 0.0671875 0.0890625