32 0.9328125 0.6546875 0.0828125 0.1234375
32 0.865625 0.63984375 0.0859375 0.1234375
37 0.79921875 0.62421875 0.084375 0.125
34 0.73046875 0.609375 0.0890625 0.121875
33 0.66015625 0.59375 0.0875 0.1203125
36 0.5921875 0.578125 0.0828125 0.1203125
35 0.525 0.56328125 0.0828125 0.1234375
31 0.45703125 0.546875 0.0859375 0.121875
8 0.38828125 0.53203125 0.0859375 0.1234375
0 0.3171875 0.5171875 0.084375 0.1203125
26 0.246875 0.49921875 0.0890625 0.1234375
18 0.17421875 0.48359375 0.0828125 0.1203125
17 0.10859375 0.465625 0.0828125 0.1203125
9 0.040625 0.45078125 0.08125 0.1234375