27 0.09453125 0.54375 0.0671875 0.0921875
38 0.03828125 0.53046875 0.0640625 0.090625
4 0.1484375 0.55234375 0.0578125 0.0875
5 0.20078125 0.5703125 0.059375 0.0890625
6 0.25703125 0.5828125 0.05625 0.0953125
33 0.3140625 0.59453125 0.059375 0.09375
33 0.3671875 0.609375 0.059375 0.09375
33 0.42578125 0.621875 0.0671875 0.1
1 0.48125 0.6375 0.06875 0.096875
2 0.53671875 0.6515625 0.0625 0.096875
3 0.590625 0.659375 0.0546875 0.090625
0 0.65078125 0.675 0.059375 0.0875
0 0.709375 0.6875 0.0625 0.0890625
32 0.76640625 0.70234375 0.0640625 0.0859375
32 0.825 0.7171875 0.0625 0.0890625
32 0.8875 0.7375 0.06875 0.090625