9 0.82578125 0.70625 0.0640625 0.0796875
10 0.7703125 0.68515625 0.0640625 0.08125
11 0.71875 0.66953125 0.05625 0.0765625
36 0.66484375 0.65078125 0.053125 0.06875
36 0.61328125 0.6328125 0.05625 0.0703125
32 0.5609375 0.6234375 0.0578125 0.0703125
32 0.51015625 0.60390625 0.05625 0.06875
32 0.459375 0.58671875 0.05625 0.071875
14 0.4109375 0.5734375 0.0546875 0.0765625
15 0.36015625 0.55703125 0.0546875 0.0765625
16 0.31171875 0.54453125 0.05 0.071875
17 0.26640625 0.528125 0.05 0.065625
17 0.21640625 0.5140625 0.053125 0.0734375
17 0.1671875 0.49921875 0.053125 0.071875