25 0.6984375 0.41875 0.10625 0.125
26 0.7828125 0.434375 0.1078125 0.1265625
19 0.19296875 0.3 0.1078125 0.128125
24 0.6140625 0.3984375 0.1046875 0.1234375
2 0.25234375 0.4296875 0.109375 0.1296875
23 0.53203125 0.3796875 0.1046875 0.1234375
3 0.33828125 0.45078125 0.1078125 0.1296875
1 0.1671875 0.41171875 0.1109375 0.1328125
10 0.21875 0.190625 0.1109375 0.128125
33 0.7375 0.66015625 0.1125 0.1375
21 0.3640625 0.33828125 0.1078125 0.1265625
4 0.4234375 0.4703125 0.1046875 0.1296875
41 0.65078125 0.64375 0.10625 0.13125
14 0.5546875 0.26875 0.10625 0.125
5 0.58984375 0.5078125 0.1046875 0.128125
7 0.675 0.52734375 0.1078125 0.128125
0 0.08125 0.3921875 0.109375 0.13125
6 0.5046875 0.48984375 0.1078125 0.128125
37 0.8953125 0.34453125 0.10625 0.121875
20 0.27578125 0.32109375 0.1078125 0.128125
8 0.759375 0.5453125 0.1078125 0.128125
11 0.303125 0.20859375 0.1078125 0.1265625
15 0.6421875 0.28984375 0.1046875 0.1234375
36 0.79296875 0.7953125 0.1 0.121875
16 0.725 0.3046875 0.109375 0.1265625
18 0.10625 0.2828125 0.1078125 0.128125
31 0.81875 0.67890625 0.1078125 0.1328125
35 0.7078125 0.77734375 0.1015625 0.125
9 0.1328125 0.1734375 0.10625 0.125
17 0.8109375 0.3265625 0.10625 0.121875
12 0.3875 0.23046875 0.1078125 0.128125
40 0.565625 0.6234375 0.10625 0.1328125
22 0.44765625 0.359375 0.1046875 0.125
38 0.39375 0.58359375 0.10625 0.134375
39 0.47890625 0.60234375 0.10625 0.13125
34 0.86953125 0.4578125 0.10625 0.1203125
32 0.8453125 0.5671875 0.103125 0.121875
13 0.47421875 0.25 0.103125 0.121875