25 0.6921875 0.40546875 0.1 0.1203125
26 0.77734375 0.41484375 0.1015625 0.121875
19 0.18046875 0.321875 0.1015625 0.125
24 0.60625 0.39140625 0.0984375 0.1203125
2 0.2484375 0.44765625 0.1015625 0.125
23 0.5234375 0.378125 0.0984375 0.11875
3 0.33515625 0.46171875 0.1015625 0.1265625
1 0.1625 0.43515625 0.1046875 0.128125
10 0.19765625 0.2109375 0.103125 0.1234375
33 0.74765625 0.64296875 0.1046875 0.1328125
21 0.353125 0.34765625 0.1 0.1234375
4 0.421875 0.47578125 0.0984375 0.125
41 0.66015625 0.6328125 0.1 0.1265625
14 0.5390625 0.265625 0.1 0.121875
5 0.58984375 0.5015625 0.0984375 0.1234375
7 0.6765625 0.515625 0.1 0.125
0 0.075 0.421875 0.103125 0.128125
6 0.50390625 0.48984375 0.1015625 0.125
37 0.88359375 0.3171875 0.1 0.11875
20 0.2640625 0.33671875 0.1015625 0.1234375
8 0.7625 0.52734375 0.1015625 0.125
11 0.28359375 0.22265625 0.1015625 0.1234375
15 0.62734375 0.28046875 0.0984375 0.1203125
36 0.8125 0.77421875 0.09375 0.1171875
16 0.71015625 0.28984375 0.103125 0.121875
18 0.09140625 0.3109375 0.1 0.125
31 0.83046875 0.65625 0.1 0.128125
35 0.7265625 0.7625 0.0953125 0.1203125
9 0.1109375 0.19921875 0.1 0.121875
17 0.7984375 0.30546875 0.1 0.11875
12 0.36875 0.2390625 0.1015625 0.1234375
40 0.5734375 0.61875 0.1 0.128125
22 0.4375 0.36328125 0.096875 0.1203125
38 0.4 0.590625 0.0984375 0.1296875
39 0.4859375 0.60390625 0.1 0.128125
34 0.865625 0.43203125 0.1 0.115625
32 0.84921875 0.54296875 0.096875 0.1171875
13 0.45703125 0.25234375 0.096875 0.1171875