21 0.15078125 0.6765625 0.1765625 0.1078125
19 0.61796875 0.48125 0.1953125 0.11875
26 0.4078125 0.74453125 0.1796875 0.1140625
8 0.703125 0.91484375 0.175 0.1109375
9 0.0921875 0.35546875 0.184375 0.1171875
13 0.10546875 0.45625 0.18125 0.1109375
37 0.21171875 0.21640625 0.1625 0.10625
5 0.9171875 0.76953125 0.165625 0.1046875
24 0.875 0.5453125 0.171875 0.103125
11 0.5703125 0.27421875 0.1859375 0.1171875
6 0.20546875 0.971875 0.1796875 0.05625
15 0.5953125 0.371875 0.1890625 0.1171875
31 0.08046875 0.13515625 0.1609375 0.1140625
35 0.30390625 0.0921875 0.178125 0.115625
36 0.55625 0.0515625 0.190625 0.103125
33 0.790625 0.03125 0.190625 0.0625
32 0.4515625 0.17421875 0.184375 0.1109375
33 0.696875 0.13359375 0.19375 0.1140625
10 0.33125 0.3140625 0.1828125 0.1125
12 0.81484375 0.23046875 0.1796875 0.115625
14 0.3515625 0.415625 0.184375 0.1140625
16 0.83515625 0.3296875 0.18125 0.1125
17 0.13046875 0.56640625 0.1703125 0.1046875
18 0.371875 0.52578125 0.1765625 0.1109375
20 0.85234375 0.440625 0.1796875 0.1125
22 0.39296875 0.634375 0.1734375 0.1078125
23 0.634375 0.5921875 0.1765625 0.109375
25 0.16640625 0.78671875 0.190625 0.115625
0 0.65 0.703125 0.19375 0.115625
1 0.89375 0.6578125 0.18125 0.115625
2 0.18671875 0.89453125 0.1953125 0.1171875
3 0.42890625 0.85078125 0.190625 0.1203125
4 0.6734375 0.809375 0.196875 0.11875
7 0.45078125 0.95 0.1921875 0.1