25 0.76875 0.853125 0.08125 0.103125
25 0.71953125 0.6828125 0.0765625 0.0921875
25 0.74140625 0.7625 0.0796875 0.096875
19 0.365625 0.746875 0.075 0.090625
19 0.375 0.83125 0.08125 0.0984375
23 0.58046875 0.6234375 0.06875 0.0828125
6 0.35 0.1578125 0.0546875 0.05625
4 0.4375 0.1421875 0.053125 0.05625
3 0.49296875 0.18046875 0.0546875 0.059375
3 0.50625 0.23359375 0.05625 0.0625
6 0.35703125 0.20859375 0.053125 0.059375
25 0.69609375 0.60390625 0.071875 0.084375
26 0.83359375 0.83984375 0.0890625 0.10625
2 0.5390625 0.1734375 0.0578125 0.0625
26 0.7546875 0.5953125 0.0765625 0.0859375
23 0.640625 0.875 0.0765625 0.1
19 0.35625 0.66796875 0.0703125 0.084375
5 0.38515625 0.10390625 0.0515625 0.0546875
20 0.41328125 0.65625 0.06875 0.0828125
6 0.34140625 0.11328125 0.0515625 0.053125
19 0.38671875 0.92109375 0.08125 0.103125
23 0.59765625 0.703125 0.0734375 0.0890625
26 0.7765625 0.67109375 0.0828125 0.0953125
5 0.409375 0.25234375 0.0546875 0.0625
6 0.3625 0.26328125 0.0546875 0.0625
26 0.8046875 0.75390625 0.0859375 0.0984375
20 0.42578125 0.73671875 0.071875 0.0890625
2 0.5296875 0.121875 0.05625 0.0578125
1 0.6015625 0.21640625 0.0578125 0.0625
23 0.61953125 0.78828125 0.075 0.0953125
3 0.475 0.0859375 0.0515625 0.0546875
5 0.39296875 0.1515625 0.0546875 0.0578125
4 0.4453125 0.190625 0.0546875 0.0609375
7 0.31015625 0.21875 0.0546875 0.0578125
7 0.29765625 0.1234375 0.0484375 0.0515625
21 0.51484375 0.896875 0.0765625 0.1
24 0.703125 0.865625 0.078125 0.1015625
22 0.525 0.63515625 0.0703125 0.084375
4 0.42890625 0.09453125 0.0515625 0.053125
20 0.43828125 0.81875 0.0765625 0.0953125
8 0.26875 0.27890625 0.0546875 0.0609375
18 0.31640625 0.84453125 0.078125 0.096875
8 0.25546875 0.128125 0.0546875 0.05625
21 0.5 0.809375 0.078125 0.096875
18 0.3015625 0.678125 0.0703125 0.0828125
4 0.45546875 0.24375 0.0546875 0.0609375
2 0.5203125 0.07421875 0.053125 0.0546875
7 0.31796875 0.271875 0.0546875 0.0625
1 0.56328125 0.065625 0.0515625 0.0546875
18 0.32578125 0.93203125 0.078125 0.1015625
7 0.3046875 0.16875 0.053125 0.0578125
21 0.46953125 0.64765625 0.06875 0.08125
18 0.309375 0.759375 0.0734375 0.090625
5 0.39921875 0.203125 0.0546875 0.0578125
8 0.26015625 0.17734375 0.0546875 0.0578125
2 0.55390625 0.225 0.05625 0.0640625
3 0.484375 0.134375 0.0546875 0.05625
24 0.65859375 0.69296875 0.0734375 0.090625
24 0.63984375 0.61484375 0.06875 0.0828125
20 0.45234375 0.9078125 0.078125 0.103125
22 0.5578125 0.79609375 0.075 0.09375
34 0.196875 0.496875 0.0578125 0.0671875
24 0.68203125 0.7734375 0.078125 0.096875
8 0.26171875 0.228125 0.0546875 0.0609375
21 0.48203125 0.7234375 0.0734375 0.090625
34 0.24921875 0.48671875 0.059375 0.06875
1 0.57421875 0.11484375 0.05 0.053125
1 0.5875 0.16484375 0.0546875 0.0546875
22 0.53984375 0.71171875 0.06875 0.090625
22 0.57890625 0.8859375 0.0796875 0.1015625