25 0.74921875 0.86640625 0.0765625 0.1
25 0.709375 0.69375 0.0734375 0.0890625
25 0.72734375 0.775 0.075 0.09375
19 0.353125 0.7390625 0.071875 0.0875
19 0.3578125 0.82421875 0.0765625 0.0953125
23 0.57421875 0.62734375 0.065625 0.08125
6 0.36796875 0.15 0.053125 0.0546875
4 0.45625 0.1390625 0.0515625 0.0546875
3 0.509375 0.18046875 0.0515625 0.0578125
3 0.5203125 0.234375 0.0546875 0.0609375
6 0.37265625 0.2015625 0.0515625 0.0578125
25 0.690625 0.6140625 0.0671875 0.0828125
26 0.81484375 0.85625 0.084375 0.103125
2 0.55625 0.17578125 0.0546875 0.0609375
26 0.74921875 0.60859375 0.0734375 0.0828125
23 0.6203125 0.88125 0.0734375 0.096875
19 0.34765625 0.66015625 0.065625 0.08125
5 0.40625 0.0984375 0.05 0.0515625
20 0.40546875 0.6515625 0.065625 0.08125
6 0.36171875 0.10546875 0.05 0.0515625
19 0.36484375 0.9140625 0.0765625 0.1
23 0.58671875 0.7078125 0.0703125 0.0875
26 0.7671875 0.6859375 0.0796875 0.0921875
5 0.42265625 0.2484375 0.053125 0.0609375
6 0.375 0.25625 0.053125 0.0609375
26 0.79140625 0.76953125 0.08125 0.0953125
20 0.41328125 0.73203125 0.06875 0.0875
2 0.55 0.1234375 0.053125 0.05625
1 0.61640625 0.22265625 0.0546875 0.0609375
23 0.6046875 0.79375 0.0703125 0.09375
3 0.496875 0.08515625 0.05 0.0515625
5 0.41171875 0.14609375 0.0515625 0.05625
4 0.46171875 0.18828125 0.053125 0.059375
7 0.325 0.209375 0.053125 0.05625
7 0.31796875 0.11328125 0.046875 0.05
21 0.49453125 0.896875 0.071875 0.0984375
24 0.68359375 0.87578125 0.075 0.0984375
22 0.51796875 0.63671875 0.065625 0.08125
4 0.45078125 0.09140625 0.05 0.0515625
20 0.421875 0.81484375 0.071875 0.09375
8 0.28046875 0.2671875 0.053125 0.059375
18 0.2984375 0.834375 0.0734375 0.0953125
8 0.27578125 0.115625 0.053125 0.0546875
21 0.48359375 0.809375 0.0734375 0.09375
18 0.2921875 0.6671875 0.0671875 0.08125
4 0.46953125 0.24140625 0.0515625 0.059375
2 0.5421875 0.07578125 0.0515625 0.053125
7 0.33046875 0.2625 0.0515625 0.0609375
1 0.5859375 0.06953125 0.05 0.0515625
18 0.30390625 0.921875 0.075 0.0984375
7 0.32265625 0.15859375 0.05 0.0546875
21 0.46171875 0.64609375 0.065625 0.0796875
18 0.29609375 0.7484375 0.0703125 0.0890625
5 0.41484375 0.19765625 0.053125 0.05625
8 0.27734375 0.165625 0.0515625 0.05625
2 0.56796875 0.228125 0.0546875 0.0625
3 0.50390625 0.134375 0.053125 0.0546875
24 0.6484375 0.70078125 0.0703125 0.0890625
24 0.63359375 0.62265625 0.065625 0.08125
20 0.43046875 0.9046875 0.075 0.1
22 0.5421875 0.7984375 0.0703125 0.0921875
34 0.19765625 0.48125 0.0546875 0.065625
24 0.6671875 0.7828125 0.0734375 0.0953125
8 0.2765625 0.215625 0.0515625 0.059375
21 0.4703125 0.721875 0.0703125 0.0890625
34 0.25 0.4734375 0.0578125 0.065625
1 0.59375 0.11953125 0.0484375 0.0515625
1 0.6046875 0.16953125 0.053125 0.053125
22 0.528125 0.7140625 0.0640625 0.0890625
22 0.55859375 0.8890625 0.0765625 0.0984375