15 0.65859375 0.44765625 0.1015625 0.1203125
26 0.821875 0.81953125 0.096875 0.125
15 0.665625 0.328125 0.103125 0.1296875
2 0.25078125 0.6671875 0.103125 0.1140625
5 0.553125 0.56484375 0.1 0.1203125
32 0.92734375 0.70234375 0.1 0.1203125
25 0.73046875 0.81640625 0.1 0.125
8 0.83828125 0.58046875 0.096875 0.1265625
5 0.54375 0.684375 0.0984375 0.1140625
17 0.853125 0.3375 0.0984375 0.128125
33 0.47421875 0.19609375 0.1015625 0.1203125
25 0.721875 0.934375 0.0984375 0.1171875
33 0.38671875 0.07109375 0.103125 0.128125
7 0.7390625 0.6921875 0.096875 0.1140625
11 0.2671875 0.42734375 0.10625 0.115625
2 0.259375 0.54609375 0.103125 0.128125
14 0.56796875 0.32109375 0.103125 0.134375
0 0.05 0.65234375 0.1 0.1171875
11 0.27421875 0.30390625 0.10625 0.1359375
9 0.0671875 0.415625 0.103125 0.11875
4 0.44609375 0.68046875 0.103125 0.1140625
8 0.83046875 0.69609375 0.096875 0.1140625
24 0.6234375 0.9296875 0.1015625 0.1125
24 0.63359375 0.8125 0.1 0.1234375
14 0.5609375 0.44453125 0.103125 0.1171875
10 0.1734375 0.296875 0.1046875 0.1328125
26 0.81484375 0.93828125 0.096875 0.1171875
3 0.34765625 0.675 0.103125 0.1140625
19 0.14296875 0.78359375 0.1078125 0.1265625
10 0.16796875 0.42109375 0.10625 0.11875
4 0.45859375 0.56015625 0.1015625 0.1265625
17 0.846875 0.45703125 0.0984375 0.1203125
31 0.08046875 0.16796875 0.10625 0.1296875
7 0.746875 0.575 0.0984375 0.128125
20 0.24453125 0.790625 0.103125 0.1265625
9 0.07265625 0.29140625 0.103125 0.1296875
0 0.0578125 0.53828125 0.1015625 0.121875
37 0.3765625 0.18828125 0.103125 0.1171875
34 0.946875 0.3453125 0.0953125 0.1265625
41 0.86015625 0.2171875 0.0984375 0.1203125
36 0.28125 0.1796875 0.1046875 0.121875
18 0.04375 0.89609375 0.0875 0.1203125
37 0.48515625 0.07421875 0.1 0.1265625
3 0.35703125 0.553125 0.1015625 0.128125
12 0.3671875 0.4296875 0.103125 0.121875
20 0.234375 0.9109375 0.1 0.11875
13 0.4703125 0.3171875 0.103125 0.1296875
12 0.3734375 0.3109375 0.103125 0.13125
22 0.4390625 0.80078125 0.103125 0.125
1 0.15078125 0.66015625 0.10625 0.1171875
1 0.16015625 0.54296875 0.10625 0.1265625
31 0.08515625 0.05703125 0.1015625 0.1140625
13 0.4625 0.43515625 0.103125 0.1234375
16 0.75546875 0.4546875 0.096875 0.115625
22 0.42890625 0.91640625 0.0984375 0.1125
16 0.76328125 0.33359375 0.096875 0.1296875
36 0.2859375 0.06328125 0.1015625 0.1234375
21 0.34375 0.79453125 0.103125 0.128125
32 0.93515625 0.58359375 0.1 0.1296875
19 0.134375 0.90234375 0.10625 0.121875
6 0.64140625 0.69140625 0.0984375 0.1125
21 0.33125 0.915625 0.103125 0.115625
35 0.18125 0.17265625 0.1046875 0.11875
6 0.65078125 0.571875 0.096875 0.1234375
35 0.18515625 0.059375 0.1046875 0.11875
23 0.53671875 0.80546875 0.0984375 0.1296875
18 0.046875 0.77578125 0.09375 0.1234375
23 0.52734375 0.92109375 0.1 0.1109375
38 0.57421875 0.20078125 0.1015625 0.1203125
34 0.940625 0.46171875 0.0953125 0.1203125
28 0.6734375 0.20546875 0.103125 0.1171875
40 0.76953125 0.21328125 0.0953125 0.1203125