15 0.64375 0.415625 0.1125 0.1296875
26 0.88125 0.7453125 0.1078125 0.1328125
15 0.62578125 0.29765625 0.115625 0.1390625
2 0.29140625 0.71484375 0.1140625 0.1234375
5 0.56484375 0.55234375 0.1109375 0.128125
32 0.95234375 0.60859375 0.0953125 0.1296875
25 0.79140625 0.76171875 0.1109375 0.134375
8 0.84765625 0.5078125 0.1078125 0.134375
5 0.58125 0.67109375 0.109375 0.1234375
17 0.81171875 0.26796875 0.1109375 0.1359375
33 0.41171875 0.2078125 0.1125 0.1296875
25 0.8078125 0.878125 0.109375 0.125
33 0.3 0.10390625 0.115625 0.1375
7 0.7734375 0.63828125 0.1078125 0.121875
11 0.2578125 0.47734375 0.115625 0.125
2 0.27421875 0.5953125 0.115625 0.1375
14 0.5296875 0.3109375 0.115625 0.14375
0 0.09140625 0.74375 0.1125 0.1265625
11 0.23828125 0.3546875 0.11875 0.1453125
9 0.059375 0.50703125 0.1140625 0.128125
4 0.484375 0.6875 0.1140625 0.1234375
8 0.8640625 0.62265625 0.10625 0.121875
24 0.71015625 0.89453125 0.1109375 0.121875
24 0.69609375 0.77734375 0.1109375 0.1328125
14 0.54765625 0.4328125 0.1125 0.1265625
10 0.13828125 0.36875 0.1171875 0.1421875
26 0.89921875 0.86328125 0.1078125 0.125
3 0.3875 0.703125 0.1140625 0.1234375
19 0.21015625 0.8515625 0.11875 0.1359375
10 0.15859375 0.49140625 0.115625 0.128125
4 0.471875 0.56796875 0.1140625 0.134375
17 0.83046875 0.3859375 0.109375 0.128125
31 0.03984375 0.26171875 0.0796875 0.1390625
7 0.75703125 0.521875 0.1109375 0.1359375
20 0.3109375 0.8375 0.1140625 0.1359375
9 0.0484375 0.38515625 0.096875 0.1390625
0 0.075 0.6296875 0.1125 0.1296875
37 0.3140625 0.22109375 0.1125 0.1265625
34 0.9046875 0.25546875 0.1078125 0.134375
41 0.79296875 0.1484375 0.109375 0.128125
36 0.21953125 0.23203125 0.115625 0.13125
18 0.1296875 0.959375 0.1125 0.08125
37 0.39765625 0.08671875 0.1109375 0.134375
3 0.37109375 0.58125 0.1140625 0.1375
12 0.35546875 0.45859375 0.1140625 0.13125
20 0.32578125 0.946875 0.1109375 0.10625
13 0.4328125 0.32734375 0.115625 0.1390625
12 0.3375 0.34140625 0.115625 0.140625
22 0.503125 0.80703125 0.1140625 0.134375
1 0.19140625 0.72890625 0.115625 0.1265625
1 0.1765625 0.61328125 0.1171875 0.1359375
31 0.02890625 0.146875 0.0578125 0.134375
13 0.45 0.44453125 0.1140625 0.1328125
16 0.740625 0.40234375 0.1078125 0.1234375
22 0.5171875 0.921875 0.1078125 0.1203125
16 0.72265625 0.2828125 0.109375 0.1375
36 0.2 0.1171875 0.1125 0.1328125
21 0.40859375 0.8203125 0.115625 0.1375
32 0.94296875 0.49140625 0.1125 0.1375
19 0.22578125 0.9515625 0.1171875 0.096875
6 0.678125 0.6578125 0.109375 0.121875
21 0.4203125 0.93984375 0.1125 0.1203125
35 0.1203125 0.24609375 0.115625 0.128125
6 0.6625 0.5390625 0.1078125 0.13125
35 0.10078125 0.13125 0.1171875 0.1359375
23 0.59921875 0.79140625 0.1109375 0.1375
18 0.11015625 0.865625 0.1140625 0.1328125
23 0.6140625 0.90625 0.1109375 0.1203125
38 0.5109375 0.1921875 0.1125 0.1296875
34 0.9234375 0.37109375 0.10625 0.128125
28 0.60859375 0.17578125 0.1140625 0.1265625
40 0.70390625 0.16328125 0.10625 0.128125