22 0.36875 0.7171875 0.15625 0.2421875
6 0.2765625 0.30390625 0.140625 0.2109375
26 0.225 0.73359375 0.1484375 0.2296875
11 0.62109375 0.2296875 0.1625 0.240625
22 0.540625 0.684375 0.159375 0.228125
31 0.74765625 0.4375 0.15625 0.240625
5 0.24375 0.51796875 0.128125 0.2015625
1 0.415625 0.49140625 0.1390625 0.2109375
1 0.57734375 0.46796875 0.1578125 0.228125
22 0.36015625 0.7125 0.1296875 0.1984375
21 0.68984375 0.65625 0.140625 0.203125
10 0.859375 0.63984375 0.1328125 0.2078125
17 0.446875 0.26328125 0.14375 0.2203125