22 0.346875 0.70234375 0.134375 0.2328125
6 0.2984375 0.28125 0.1234375 0.2015625
26 0.2015625 0.703125 0.128125 0.221875
11 0.6484375 0.24375 0.140625 0.23125
22 0.52109375 0.68828125 0.1390625 0.21875
31 0.75234375 0.4640625 0.134375 0.23125
5 0.24375 0.49140625 0.109375 0.1953125
1 0.4171875 0.4828125 0.1203125 0.203125
1 0.58046875 0.4765625 0.1390625 0.21875
22 0.33828125 0.696875 0.1125 0.190625
21 0.671875 0.67578125 0.121875 0.1953125
10 0.8421875 0.6765625 0.115625 0.2
17 0.471875 0.259375 0.1234375 0.2109375