36 0.11953125 0.03359375 0.1171875 0.0671875
10 0.0859375 0.43203125 0.128125 0.11875
36 0.428125 0.68984375 0.1234375 0.115625
32 0.3421875 0.14296875 0.1171875 0.10625
10 0.20625 0.45703125 0.1265625 0.115625
37 0.453125 0.25546875 0.115625 0.1109375
12 0.10859375 0.11640625 0.1171875 0.1078125
37 0.31484375 0.5703125 0.125 0.11875
32 0.4390625 0.4671875 0.1203125 0.1171875
0 0.56875 0.1625 0.1140625 0.103125
0 0.54921875 0.69921875 0.1171875 0.1140625
35 0.5546875 0.48046875 0.115625 0.1125
11 0.64765625 0.9359375 0.1359375 0.128125
32 0.89921875 0.09453125 0.1171875 0.1
34 0.23203125 0.1359375 0.1140625 0.10625
24 0.4203125 0.80703125 0.1203125 0.11875
11 0.67421875 0.27421875 0.1125 0.1015625
31 0.459375 0.053125 0.115625 0.10625
32 0.559375 0.375 0.1109375 0.109375
19 0.9078125 0.83984375 0.121875 0.11875
14 0.403125 0.91953125 0.13125 0.13125
19 0.66796875 0.596875 0.1234375 0.11875
16 0.3 0.79453125 0.125 0.121875
17 0.44609375 0.36171875 0.115625 0.1125
2 0.22109375 0.23984375 0.11875 0.1140625
9 0.5625 0.26953125 0.1109375 0.103125
14 0.06484375 0.653125 0.125 0.121875
13 0.67578125 0.1765625 0.1140625 0.103125
12 0.19140625 0.5625 0.125 0.11875
34 0.43046875 0.5765625 0.121875 0.1140625
12 0.07421875 0.5390625 0.125 0.11875
15 0.78515625 0.4953125 0.128125 0.115625
13 0.7875 0.71640625 0.1265625 0.1171875
13 0.10234375 0.21640625 0.11875 0.1078125
31 0.54609375 0.58671875 0.115625 0.1140625
22 0.66328125 0.8265625 0.1171875 0.11875
31 0.66875 0.4890625 0.121875 0.1140625
19 0.7828125 0.834375 0.121875 0.1203125
31 0.665625 0.70625 0.128125 0.1171875
28 0.8953125 0.9453125 0.13125 0.109375
11 0.33515625 0.2453125 0.1171875 0.1125
21 0.09453125 0.32421875 0.1234375 0.1171875
17 0.34296875 0.04609375 0.1109375 0.0921875
15 0.91328125 0.72734375 0.1203125 0.1125
21 0.67265625 0.3828125 0.1171875 0.1171875
41 0.8984375 0.19296875 0.1171875 0.103125
13 0.90390625 0.50078125 0.1296875 0.115625
2 0.67734375 0.07421875 0.109375 0.1046875
17 0.90546875 0.39609375 0.121875 0.1125
33 0.31796875 0.45703125 0.1171875 0.11875
21 0.9046875 0.2953125 0.1203125 0.10625
16 0.06015625 0.76875 0.1203125 0.125
16 0.18046875 0.790625 0.1296875 0.125
33 0.2171875 0.346875 0.125 0.11875
10 0.45703125 0.15546875 0.115625 0.1046875
14 0.309375 0.68515625 0.1234375 0.1171875
15 0.78046875 0.6 0.128125 0.1171875
35 0.57109375 0.0640625 0.1109375 0.1
10 0.328125 0.35 0.11875 0.115625
38 0.046875 0.88671875 0.09375 0.1328125
23 0.54140625 0.8140625 0.1140625 0.1125
34 0.790625 0.084375 0.1109375 0.1
9 0.78828125 0.18515625 0.1140625 0.1
33 0.234375 0.0421875 0.115625 0.084375
14 0.18984375 0.675 0.128125 0.121875
39 0.15390625 0.90390625 0.13125 0.1265625
9 0.78984375 0.3859375 0.121875 0.109375
23 0.778125 0.94453125 0.125 0.1109375
27 0.52734375 0.93125 0.1375 0.13125
30 0.909375 0.6078125 0.13125 0.1203125
40 0.27890625 0.915625 0.13125 0.1296875
15 0.7875 0.28203125 0.1109375 0.1015625