36 0.02890625 0.14765625 0.0578125 0.1140625
10 0.08359375 0.55625 0.1390625 0.13125
36 0.4875 0.70234375 0.134375 0.128125
32 0.24453125 0.2046875 0.1265625 0.1171875
10 0.20703125 0.54453125 0.1375 0.128125
37 0.38359375 0.2796875 0.1265625 0.121875
12 0.03828125 0.246875 0.0765625 0.11875
37 0.34375 0.62109375 0.1359375 0.13125
32 0.43203125 0.48671875 0.13125 0.128125
0 0.4671875 0.15703125 0.1234375 0.1140625
0 0.60546875 0.6765625 0.1265625 0.125
35 0.546875 0.465625 0.125 0.1234375
11 0.76875 0.87421875 0.1484375 0.1421875
32 0.7625 0.025 0.125 0.05
34 0.1375 0.23046875 0.125 0.1171875
24 0.5140625 0.81640625 0.13125 0.1296875
11 0.60078125 0.23359375 0.121875 0.1125
31 0.33125 0.084375 0.125 0.11875
32 0.5203125 0.36328125 0.121875 0.11875
19 0.9609375 0.70625 0.078125 0.13125
14 0.5296875 0.92890625 0.14375 0.1421875
19 0.6890625 0.54375 0.134375 0.13125
16 0.3953125 0.83984375 0.1359375 0.134375
17 0.4078125 0.38359375 0.1265625 0.1234375
2 0.15703125 0.3328125 0.1296875 0.125
9 0.4921875 0.2609375 0.1203125 0.1140625
14 0.128125 0.77421875 0.1359375 0.134375
13 0.5734375 0.1390625 0.1234375 0.1140625
12 0.22265625 0.65 0.1359375 0.13125
34 0.45625 0.59296875 0.13125 0.1265625
12 0.10390625 0.66171875 0.1359375 0.13125
15 0.77109375 0.41171875 0.1390625 0.128125
13 0.83828125 0.62265625 0.1375 0.128125
13 0.05 0.3453125 0.1 0.11875
31 0.56875 0.56953125 0.125 0.125
22 0.7515625 0.7640625 0.128125 0.1296875
31 0.6578125 0.43984375 0.13125 0.1265625
19 0.86796875 0.7375 0.1328125 0.13125
31 0.71875 0.64921875 0.1390625 0.1296875
28 0.96953125 0.81953125 0.0609375 0.1390625
11 0.26796875 0.3046875 0.1265625 0.1234375
21 0.0640625 0.45078125 0.128125 0.1296875
17 0.2171875 0.10703125 0.1203125 0.1125
15 0.94765625 0.596875 0.1046875 0.125
21 0.63046875 0.3375 0.128125 0.128125
41 0.79140625 0.08984375 0.1265625 0.1140625
13 0.88671875 0.3828125 0.1390625 0.1296875
2 0.5453125 0.04921875 0.11875 0.0984375
17 0.85703125 0.28203125 0.1328125 0.1234375
33 0.31328125 0.5125 0.128125 0.1296875
21 0.82734375 0.1859375 0.1296875 0.1171875
16 0.1515625 0.88671875 0.1453125 0.1390625
16 0.2796875 0.87109375 0.1421875 0.1375
33 0.184375 0.4359375 0.1359375 0.13125
10 0.35859375 0.1828125 0.125 0.115625
14 0.371875 0.7328125 0.1359375 0.1296875
15 0.79765625 0.51328125 0.1390625 0.1296875
35 0.440625 0.0625 0.11875 0.1109375
10 0.29140625 0.40703125 0.1296875 0.1265625
38 0.1609375 0.96796875 0.146875 0.0640625
23 0.63125 0.78828125 0.125 0.1234375
34 0.65546875 0.03671875 0.1203125 0.0734375
9 0.68359375 0.1140625 0.1234375 0.1109375
33 0.109375 0.13203125 0.125 0.1125
14 0.2546875 0.75859375 0.1390625 0.134375
39 0.2875 0.95859375 0.14375 0.0828125
9 0.74375 0.30625 0.1328125 0.121875
23 0.8984375 0.8484375 0.1359375 0.13125
27 0.65234375 0.9046875 0.1484375 0.14375
30 0.92265625 0.48359375 0.1421875 0.1328125
40 0.409375 0.9453125 0.14375 0.109375
15 0.7109375 0.2078125 0.1203125 0.1125