26 0.88671875 0.54296875 0.121875 0.2171875
26 0.584375 0.51015625 0.1234375 0.21875
26 0.7875 0.51875 0.1203125 0.2140625
26 0.684375 0.50625 0.125 0.21875
18 0.10625 0.41171875 0.13125 0.2265625
18 0.41171875 0.46640625 0.125 0.2265625
18 0.30859375 0.45546875 0.125 0.228125
9 0.25546875 0.11171875 0.125 0.2125
18 0.2125 0.41953125 0.1265625 0.228125
8 0.8609375 0.89375 0.128125 0.2125
8 0.75859375 0.88828125 0.1265625 0.2234375
8 0.55234375 0.87578125 0.1265625 0.2328125
9 0.15625 0.10234375 0.125 0.2046875
9 0.3578125 0.1203125 0.1234375 0.2125
8 0.65625 0.87890625 0.128125 0.2296875
0 0.06640625 0.78984375 0.109375 0.20625
9 0.45546875 0.13984375 0.1109375 0.1921875
17 0.61640625 0.15703125 0.10625 0.1859375
17 0.7140625 0.175 0.1078125 0.1890625
17 0.809375 0.19140625 0.10625 0.1828125
17 0.909375 0.19375 0.103125 0.190625
0 0.16953125 0.821875 0.1125 0.1984375
0 0.271875 0.83984375 0.1109375 0.2140625
0 0.378125 0.8375 0.1140625 0.2125