5 0.621875 0.896875 0.0953125 0.1796875
35 0.70625 0.2953125 0.0921875 0.1765625
11 0.3125 0.69921875 0.096875 0.1765625
25 0.80703125 0.48984375 0.09375 0.1765625
9 0.0984375 0.7046875 0.09375 0.178125
3 0.4171875 0.90546875 0.096875 0.175
27 0.09296875 0.11640625 0.09375 0.1765625
1 0.20859375 0.9078125 0.09375 0.18125
30 0.39375 0.11171875 0.0953125 0.175
18 0.096875 0.50703125 0.09375 0.1703125
19 0.20234375 0.50625 0.0953125 0.171875
38 0.59140625 0.109375 0.096875 0.1703125
34 0.30078125 0.30390625 0.0953125 0.1765625
10 0.20859375 0.69921875 0.0921875 0.1703125
4 0.5203125 0.9015625 0.0953125 0.1828125
32 0.2015625 0.30859375 0.09375 0.1765625
24 0.70546875 0.49375 0.0921875 0.1734375
37 0.09453125 0.31328125 0.0921875 0.1765625
23 0.60703125 0.4984375 0.0984375 0.1765625
22 0.51015625 0.5 0.0953125 0.1765625
6 0.72421875 0.8953125 0.096875 0.178125
36 0.81171875 0.29921875 0.0953125 0.1765625
26 0.90390625 0.48515625 0.0921875 0.1734375
15 0.71796875 0.690625 0.0953125 0.1828125
2 0.3140625 0.90234375 0.0953125 0.1765625
12 0.41484375 0.6984375 0.1 0.1828125
31 0.60390625 0.29921875 0.0953125 0.175
28 0.18828125 0.115625 0.09375 0.1734375
27 0.3 0.11484375 0.09375 0.171875
41 0.90703125 0.10625 0.090625 0.171875
20 0.30234375 0.503125 0.0921875 0.1734375
39 0.69609375 0.10703125 0.090625 0.1703125
14 0.615625 0.6890625 0.096875 0.18125
13 0.5140625 0.69296875 0.1 0.1796875
16 0.8171875 0.684375 0.09375 0.175
40 0.80390625 0.10546875 0.0875 0.1734375
33 0.91015625 0.29375 0.090625 0.159375
7 0.82578125 0.89140625 0.0875 0.1703125
8 0.9234375 0.896875 0.096875 0.190625
17 0.91484375 0.67890625 0.084375 0.1671875
0 0.103125 0.90234375 0.0921875 0.1671875
21 0.40859375 0.4984375 0.09375 0.1734375