5 0.58671875 0.90625 0.1046875 0.184375
35 0.7234375 0.3140625 0.1015625 0.18125
11 0.29609375 0.68203125 0.10625 0.18125
25 0.80625 0.51640625 0.103125 0.18125
9 0.0828125 0.66875 0.103125 0.1828125
3 0.38203125 0.896875 0.10625 0.1796875
27 0.128125 0.08671875 0.103125 0.1734375
1 0.17421875 0.88046875 0.103125 0.1859375
30 0.428125 0.10390625 0.1046875 0.1796875
18 0.09765625 0.471875 0.103125 0.175
19 0.203125 0.4796875 0.103125 0.1765625
38 0.625 0.11875 0.1046875 0.175
34 0.31796875 0.2875 0.1046875 0.18125
10 0.19296875 0.67265625 0.1 0.175
4 0.48515625 0.9015625 0.1046875 0.1875
32 0.21875 0.2828125 0.103125 0.18125
24 0.70546875 0.51171875 0.1015625 0.178125
37 0.1125 0.27890625 0.1015625 0.18125
23 0.60703125 0.5078125 0.1078125 0.18125
22 0.51015625 0.50078125 0.1046875 0.18125
6 0.6890625 0.9109375 0.10625 0.178125
36 0.82734375 0.32734375 0.1046875 0.18125
26 0.903125 0.5203125 0.1 0.178125
15 0.70078125 0.709375 0.1046875 0.1875
2 0.2796875 0.88515625 0.1046875 0.18125
12 0.3984375 0.690625 0.109375 0.1875
31 0.6203125 0.30859375 0.103125 0.1796875
28 0.2234375 0.08984375 0.103125 0.178125
27 0.334375 0.09921875 0.1015625 0.1765625
41 0.93984375 0.14296875 0.1 0.1765625
20 0.303125 0.4859375 0.1015625 0.178125
39 0.7296875 0.125 0.1 0.175
14 0.59921875 0.6984375 0.10625 0.1859375
13 0.49765625 0.69296875 0.109375 0.184375
16 0.8 0.7109375 0.103125 0.1796875
40 0.8375 0.13359375 0.096875 0.1765625
33 0.9265625 0.33046875 0.0984375 0.1640625
7 0.790625 0.915625 0.096875 0.16875
8 0.8875 0.9171875 0.10625 0.165625
17 0.89765625 0.7140625 0.0921875 0.1703125
0 0.06953125 0.86640625 0.1 0.171875
21 0.409375 0.490625 0.103125 0.178125